350.0000      	28571.4286    	2907.54541    
350.5000      	28530.6705    	2862.45459    
351.0000      	28490.0285    	2781.18188    
351.5000      	28449.5021    	2868.90918    
352.0000      	28409.0909    	2758.27271    
352.5000      	28368.7943    	2730.72729    
353.0000      	28328.6119    	2607.90918    
353.5000      	28288.5431    	2835.63647    
354.0000      	28248.5876    	2429.00000    
354.5000      	28208.7447    	2425.54541    
355.0000      	28169.0141    	2574.72729    
355.5000      	28129.3952    	2721.45459    
356.0000      	28089.8876    	2248.36353    
356.5000      	28050.4909    	2525.36353    
357.0000      	28011.2045    	2457.36353    
357.5000      	27972.0280    	2511.00000    
358.0000      	27932.9609    	2573.27271    
358.5000      	27894.0028    	3187.54541    
359.0000      	27855.1532    	2596.00000    
359.5000      	27816.4117    	2717.18188    
360.0000      	27777.7778    	2560.00000    
360.5000      	27739.2510    	2631.90918    
361.0000      	27700.8310    	2597.18188    
361.5000      	27662.5173    	3036.36353    
362.0000      	27624.3094    	2733.54541    
362.5000      	27586.2069    	2897.36353    
363.0000      	27548.2094    	2935.90918    
363.5000      	27510.3164    	2498.09082    
364.0000      	27472.5275    	2206.00000    
364.5000      	27434.8422    	2392.18188    
365.0000      	27397.2603    	2511.90918    
365.5000      	27359.7811    	2730.00000    
366.0000      	27322.4044    	2764.81812    
366.5000      	27285.1296    	2649.00000    
367.0000      	27247.9564    	2641.36353    
367.5000      	27210.8844    	3036.27271    
368.0000      	27173.9130    	2619.09082    
368.5000      	27137.0421    	3085.09082    
369.0000      	27100.2710    	2616.09082    
369.5000      	27063.5995    	2567.90918    
370.0000      	27027.0270    	3056.00000    
370.5000      	26990.5533    	2348.27271    
371.0000      	26954.1779    	2724.54541    
371.5000      	26917.9004    	2478.36353    
372.0000      	26881.7204    	2504.63647    
372.5000      	26845.6376    	2710.54541    
373.0000      	26809.6515    	2461.36353    
373.5000      	26773.7617    	2737.63647    
374.0000      	26737.9679    	3077.09082    
374.5000      	26702.2697    	2628.81812    
375.0000      	26666.6667    	2483.54541    
375.5000      	26631.1585    	2664.36353    
376.0000      	26595.7447    	2615.00000    
376.5000      	26560.4250    	2416.36353    
377.0000      	26525.1989    	2679.18188    
377.5000      	26490.0662    	2696.72729    
378.0000      	26455.0265    	2578.63647    
378.5000      	26420.0793    	2633.72729    
379.0000      	26385.2243    	2608.54541    
379.5000      	26350.4611    	2623.18188    
380.0000      	26315.7895    	2508.45459    
380.5000      	26281.2089    	2600.00000    
381.0000      	26246.7192    	2607.81812    
381.5000      	26212.3198    	2424.00000    
382.0000      	26178.0105    	2629.72729    
382.5000      	26143.7908    	2807.90918    
383.0000      	26109.6606    	2835.63647    
383.5000      	26075.6193    	2560.36353    
384.0000      	26041.6667    	3133.18188    
384.5000      	26007.8023    	2566.81812    
385.0000      	25974.0260    	2554.90918    
385.5000      	25940.3372    	2512.72729    
386.0000      	25906.7358    	2336.36353    
386.5000      	25873.2212    	2636.00000    
387.0000      	25839.7933    	2715.36353    
387.5000      	25806.4516    	2490.18188    
388.0000      	25773.1959    	2764.18188    
388.5000      	25740.0257    	2651.72729    
389.0000      	25706.9409    	2593.18188    
389.5000      	25673.9409    	2698.36353    
390.0000      	25641.0256    	2603.18188    
390.5000      	25608.1946    	2562.09082    
391.0000      	25575.4476    	2647.81812    
391.5000      	25542.7842    	2973.72729    
392.0000      	25510.2041    	2503.45459    
392.5000      	25477.7070    	2488.18188    
393.0000      	25445.2926    	2784.45459    
393.5000      	25412.9606    	2406.09082    
394.0000      	25380.7107    	3009.72729    
394.5000      	25348.5425    	2458.00000    
395.0000      	25316.4557    	2744.36353    
395.5000      	25284.4501    	2656.09082    
396.0000      	25252.5253    	3043.45459    
396.5000      	25220.6810    	2655.00000    
397.0000      	25188.9169    	2819.90918    
397.5000      	25157.2327    	2794.45459    
398.0000      	25125.6281    	2709.54541    
398.5000      	25094.1029    	2480.90918    
399.0000      	25062.6566    	2760.09082    
399.5000      	25031.2891    	2979.90918    
400.0000      	25000.0000    	2824.54541    
400.5000      	24968.7890    	2585.54541    
401.0000      	24937.6559    	2503.81812    
401.5000      	24906.6002    	2790.63647    
402.0000      	24875.6219    	2793.27271    
402.5000      	24844.7205    	2761.09082    
403.0000      	24813.8958    	2306.36353    
403.5000      	24783.1475    	2633.09082    
404.0000      	24752.4752    	2672.27271    
404.5000      	24721.8789    	2966.90918    
405.0000      	24691.3580    	2705.90918    
405.5000      	24660.9125    	2592.00000    
406.0000      	24630.5419    	2508.27271    
406.5000      	24600.2460    	2459.72729    
407.0000      	24570.0246    	2721.90918    
407.5000      	24539.8773    	2444.00000    
408.0000      	24509.8039    	2376.54541    
408.5000      	24479.8042    	2423.90918    
409.0000      	24449.8778    	2388.00000    
409.5000      	24420.0244    	2694.36353    
410.0000      	24390.2439    	2666.00000    
410.5000      	24360.5359    	2791.63647    
411.0000      	24330.9002    	2769.00000    
411.5000      	24301.3366    	2760.63647    
412.0000      	24271.8447    	2862.72729    
412.5000      	24242.4242    	2500.63647    
413.0000      	24213.0751    	2826.27271    
413.5000      	24183.7969    	2690.63647    
414.0000      	24154.5894    	2582.36353    
414.5000      	24125.4524    	2467.09082    
415.0000      	24096.3855    	2317.36353    
415.5000      	24067.3887    	2417.00000    
416.0000      	24038.4615    	2762.90918    
416.5000      	24009.6038    	2780.63647    
417.0000      	23980.8153    	2513.63647    
417.5000      	23952.0958    	2404.36353    
418.0000      	23923.4450    	2780.90918    
418.5000      	23894.8626    	2651.18188    
419.0000      	23866.3484    	2652.36353    
419.5000      	23837.9023    	2452.09082    
420.0000      	23809.5238    	2605.00000    
420.5000      	23781.2128    	2591.36353    
421.0000      	23752.9691    	2526.18188    
421.5000      	23724.7924    	2506.09082    
422.0000      	23696.6825    	2704.09082    
422.5000      	23668.6391    	2603.18188    
423.0000      	23640.6619    	2722.45459    
423.5000      	23612.7509    	2430.36353    
424.0000      	23584.9057    	2677.27271    
424.5000      	23557.1260    	2873.36353    
425.0000      	23529.4118    	2461.18188    
425.5000      	23501.7626    	2293.63647    
426.0000      	23474.1784    	2543.54541    
426.5000      	23446.6589    	2494.27271    
427.0000      	23419.2037    	2583.27271    
427.5000      	23391.8129    	2590.72729    
428.0000      	23364.4860    	2479.45459    
428.5000      	23337.2229    	2530.54541    
429.0000      	23310.0233    	3083.45459    
429.5000      	23282.8871    	2755.00000    
430.0000      	23255.8140    	2601.09082    
430.5000      	23228.8037    	2606.36353    
431.0000      	23201.8561    	2997.45459    
431.5000      	23174.9710    	2510.90918    
432.0000      	23148.1481    	2365.36353    
432.5000      	23121.3873    	2576.63647    
433.0000      	23094.6882    	2288.45459    
433.5000      	23068.0507    	2551.09082    
434.0000      	23041.4747    	2956.90918    
434.5000      	23014.9597    	2458.18188    
435.0000      	22988.5057    	2516.72729    
435.5000      	22962.1125    	2944.18188    
436.0000      	22935.7798    	2715.36353    
436.5000      	22909.5074    	2432.36353    
437.0000      	22883.2952    	2407.36353    
437.5000      	22857.1429    	2514.63647    
438.0000      	22831.0502    	2388.90918    
438.5000      	22805.0171    	2257.72729    
439.0000      	22779.0433    	2289.90918    
439.5000      	22753.1286    	2210.09082    
440.0000      	22727.2727    	3034.90918    
440.5000      	22701.4756    	2757.27271    
441.0000      	22675.7370    	3214.27271    
441.5000      	22650.0566    	2421.36353    
442.0000      	22624.4344    	2411.27271    
442.5000      	22598.8701    	3002.81812    
443.0000      	22573.3634    	2706.90918    
443.5000      	22547.9143    	2695.90918    
444.0000      	22522.5225    	2722.18188    
444.5000      	22497.1879    	2708.90918    
445.0000      	22471.9101    	2797.45459    
445.5000      	22446.6891    	2140.81812    
446.0000      	22421.5247    	2313.36353    
446.5000      	22396.4166    	2734.09082    
447.0000      	22371.3647    	2432.36353    
447.5000      	22346.3687    	2603.18188    
448.0000      	22321.4286    	2679.72729    
448.5000      	22296.5440    	2359.72729    
449.0000      	22271.7149    	2644.90918    
449.5000      	22246.9410    	3028.63647    
450.0000      	22222.2222    	2574.18188    
450.5000      	22197.5583    	2793.36353    
451.0000      	22172.9490    	2812.45459    
451.5000      	22148.3942    	2708.81812    
452.0000      	22123.8938    	2505.81812    
452.5000      	22099.4475    	2434.90918    
453.0000      	22075.0552    	2534.90918    
453.5000      	22050.7166    	2437.63647    
454.0000      	22026.4317    	2290.18188    
454.5000      	22002.2002    	2339.36353    
455.0000      	21978.0220    	2510.45459    
455.5000      	21953.8968    	2661.72729    
456.0000      	21929.8246    	2660.63647    
456.5000      	21905.8050    	2718.72729    
457.0000      	21881.8381    	2930.45459    
457.5000      	21857.9235    	2815.18188    
458.0000      	21834.0611    	2675.45459    
458.5000      	21810.2508    	2390.18188    
459.0000      	21786.4924    	3045.45459    
459.5000      	21762.7856    	2572.90918    
460.0000      	21739.1304    	2819.90918    
460.5000      	21715.5266    	2567.81812    
461.0000      	21691.9740    	2624.18188    
461.5000      	21668.4724    	2945.72729    
462.0000      	21645.0216    	2789.63647    
462.5000      	21621.6216    	2394.00000    
463.0000      	21598.2721    	2623.09082    
463.5000      	21574.9730    	2479.09082    
464.0000      	21551.7241    	2430.72729    
464.5000      	21528.5253    	2697.27271    
465.0000      	21505.3763    	2697.72729    
465.5000      	21482.2771    	2399.81812    
466.0000      	21459.2275    	2813.72729    
466.5000      	21436.2272    	2205.72729    
467.0000      	21413.2762    	2455.90918    
467.5000      	21390.3743    	2797.09082    
468.0000      	21367.5214    	2507.54541    
468.5000      	21344.7172    	2508.36353    
469.0000      	21321.9616    	2968.27271    
469.5000      	21299.2545    	2722.18188    
470.0000      	21276.5957    	2449.09082    
470.5000      	21253.9851    	2923.45459    
471.0000      	21231.4225    	2733.72729    
471.5000      	21208.9077    	2333.36353    
472.0000      	21186.4407    	2229.36353    
472.5000      	21164.0212    	2488.09082    
473.0000      	21141.6490    	2621.54541    
473.5000      	21119.3242    	2399.36353    
474.0000      	21097.0464    	2800.63647    
474.5000      	21074.8156    	2569.09082    
475.0000      	21052.6316    	2147.00000    
475.5000      	21030.4942    	2588.90918    
476.0000      	21008.4034    	2383.45459    
476.5000      	20986.3589    	2433.36353    
477.0000      	20964.3606    	2607.36353    
477.5000      	20942.4084    	2713.63647    
478.0000      	20920.5021    	2807.36353    
478.5000      	20898.6416    	2648.45459    
479.0000      	20876.8267    	2548.81812    
479.5000      	20855.0574    	2524.18188    
480.0000      	20833.3333    	2480.18188    
480.5000      	20811.6545    	2499.18188    
481.0000      	20790.0208    	2612.63647    
481.5000      	20768.4320    	2342.27271    
482.0000      	20746.8880    	2478.45459    
482.5000      	20725.3886    	2820.27271    
483.0000      	20703.9337    	2543.36353    
483.5000      	20682.5233    	2689.72729    
484.0000      	20661.1570    	2674.27271    
484.5000      	20639.8349    	2543.27271    
485.0000      	20618.5567    	2563.45459    
485.5000      	20597.3223    	2835.72729    
486.0000      	20576.1317    	2851.63647    
486.5000      	20554.9846    	2237.00000    
487.0000      	20533.8809    	2482.63647    
487.5000      	20512.8205    	2492.54541    
488.0000      	20491.8033    	3044.09082    
488.5000      	20470.8291    	2449.90918    
489.0000      	20449.8978    	2398.63647    
489.5000      	20429.0092    	2735.27271    
490.0000      	20408.1633    	2730.72729    
490.5000      	20387.3598    	2611.63647    
491.0000      	20366.5988    	2508.09082    
491.5000      	20345.8800    	2865.54541    
492.0000      	20325.2033    	2554.18188    
492.5000      	20304.5685    	2504.81812    
493.0000      	20283.9757    	3000.72729    
493.5000      	20263.4245    	2316.63647    
494.0000      	20242.9150    	2639.00000    
494.5000      	20222.4469    	2658.09082    
495.0000      	20202.0202    	2589.72729    
495.5000      	20181.6347    	2348.09082    
496.0000      	20161.2903    	2684.45459    
496.5000      	20140.9869    	2608.09082    
497.0000      	20120.7243    	2520.72729    
497.5000      	20100.5025    	2919.45459    
498.0000      	20080.3213    	2465.63647    
498.5000      	20060.1805    	2389.54541    
499.0000      	20040.0802    	3054.36353    
499.5000      	20020.0200    	2701.27271    
500.0000      	20000.0000    	2408.54541    
500.5000      	19980.0200    	2547.45459    
501.0000      	19960.0798    	2704.63647    
501.5000      	19940.1795    	2430.00000    
502.0000      	19920.3187    	2605.00000    
502.5000      	19900.4975    	2399.81812    
503.0000      	19880.7157    	2225.90918    
503.5000      	19860.9732    	2520.09082    
504.0000      	19841.2698    	2411.09082    
504.5000      	19821.6056    	2749.72729    
505.0000      	19801.9802    	2559.18188    
505.5000      	19782.3937    	2415.54541    
506.0000      	19762.8458    	2504.36353    
506.5000      	19743.3366    	2221.09082    
507.0000      	19723.8659    	2531.63647    
507.5000      	19704.4335    	2702.72729    
508.0000      	19685.0394    	2828.36353    
508.5000      	19665.6834    	2255.27271    
509.0000      	19646.3654    	2558.09082    
509.5000      	19627.0854    	2990.72729    
510.0000      	19607.8431    	3199.63647    
510.5000      	19588.6386    	2534.90918    
511.0000      	19569.4716    	2493.45459    
511.5000      	19550.3421    	2770.00000    
512.0000      	19531.2500    	2970.18188    
512.5000      	19512.1951    	2304.81812    
513.0000      	19493.1774    	2335.54541    
513.5000      	19474.1967    	2389.72729    
514.0000      	19455.2529    	2604.72729    
514.5000      	19436.3460    	2434.81812    
515.0000      	19417.4757    	2393.36353    
515.5000      	19398.6421    	2769.45459    
516.0000      	19379.8450    	2342.27271    
516.5000      	19361.0842    	2516.54541    
517.0000      	19342.3598    	2323.72729    
517.5000      	19323.6715    	2602.72729    
518.0000      	19305.0193    	2334.81812    
518.5000      	19286.4031    	2258.72729    
519.0000      	19267.8227    	2165.00000    
519.5000      	19249.2782    	2437.90918    
520.0000      	19230.7692    	2419.00000    
520.5000      	19212.2959    	2444.81812    
521.0000      	19193.8580    	2568.27271    
521.5000      	19175.4554    	2376.81812    
522.0000      	19157.0881    	2546.00000    
522.5000      	19138.7560    	2557.54541    
523.0000      	19120.4589    	2624.18188    
523.5000      	19102.1968    	2419.54541    
524.0000      	19083.9695    	2494.09082    
524.5000      	19065.7769    	2472.81812    
525.0000      	19047.6190    	2592.45459    
525.5000      	19029.4957    	2277.90918    
526.0000      	19011.4068    	2245.09082    
526.5000      	18993.3523    	2928.00000    
527.0000      	18975.3321    	2370.45459    
527.5000      	18957.3460    	2049.45459    
528.0000      	18939.3939    	2476.90918    
528.5000      	18921.4759    	2706.18188    
529.0000      	18903.5917    	2421.00000    
529.5000      	18885.7413    	2513.72729    
530.0000      	18867.9245    	2434.00000    
530.5000      	18850.1414    	2267.18188    
531.0000      	18832.3917    	2603.18188    
531.5000      	18814.6754    	2503.72729    
532.0000      	18796.9925    	2627.63647    
532.5000      	18779.3427    	2467.63647    
533.0000      	18761.7261    	2482.90918    
533.5000      	18744.1425    	2378.45459    
534.0000      	18726.5918    	2581.90918    
534.5000      	18709.0739    	2351.09082    
535.0000      	18691.5888    	2755.09082    
535.5000      	18674.1363    	2370.90918    
536.0000      	18656.7164    	2661.72729    
536.5000      	18639.3290    	2454.72729    
537.0000      	18621.9739    	2500.63647    
537.5000      	18604.6512    	2465.18188    
538.0000      	18587.3606    	2459.36353    
538.5000      	18570.1021    	2394.81812    
539.0000      	18552.8757    	2439.72729    
539.5000      	18535.6812    	2604.81812    
540.0000      	18518.5185    	2185.27271    
540.5000      	18501.3876    	2320.90918    
541.0000      	18484.2884    	2595.36353    
541.5000      	18467.2207    	2461.45459    
542.0000      	18450.1845    	2618.72729    
542.5000      	18433.1797    	2232.72729    
543.0000      	18416.2063    	2544.18188    
543.5000      	18399.2640    	2574.90918    
544.0000      	18382.3529    	2344.45459    
544.5000      	18365.4729    	2303.72729    
545.0000      	18348.6239    	2742.09082    
545.5000      	18331.8057    	2503.27271    
546.0000      	18315.0183    	2816.72729    
546.5000      	18298.2617    	2440.36353    
547.0000      	18281.5356    	2446.00000    
547.5000      	18264.8402    	2533.63647    
548.0000      	18248.1752    	2526.45459    
548.5000      	18231.5406    	2336.63647    
549.0000      	18214.9362    	2656.36353    
549.5000      	18198.3621    	2673.45459    
550.0000      	18181.8182    	2478.18188    
550.5000      	18165.3043    	2608.09082    
551.0000      	18148.8203    	2233.54541    
551.5000      	18132.3663    	2557.00000    
552.0000      	18115.9420    	2348.09082    
552.5000      	18099.5475    	2417.27271    
553.0000      	18083.1826    	2247.09082    
553.5000      	18066.8473    	3113.36353    
554.0000      	18050.5415    	2730.00000    
554.5000      	18034.2651    	2542.27271    
555.0000      	18018.0180    	2294.36353    
555.5000      	18001.8002    	2367.36353    
556.0000      	17985.6115    	2278.63647    
556.5000      	17969.4519    	2244.00000    
557.0000      	17953.3214    	2408.00000    
557.5000      	17937.2197    	2456.90918    
558.0000      	17921.1470    	2480.00000    
558.5000      	17905.1030    	2445.09082    
559.0000      	17889.0877    	2500.09082    
559.5000      	17873.1010    	2995.63647    
560.0000      	17857.1429    	2775.27271    
560.5000      	17841.2132    	2440.63647    
561.0000      	17825.3119    	2718.00000    
561.5000      	17809.4390    	2223.36353    
562.0000      	17793.5943    	2666.09082    
562.5000      	17777.7778    	2656.36353    
563.0000      	17761.9893    	2527.27271    
563.5000      	17746.2289    	2292.81812    
564.0000      	17730.4965    	2720.09082    
564.5000      	17714.7919    	2632.09082    
565.0000      	17699.1150    	2302.72729    
565.5000      	17683.4660    	2190.54541    
566.0000      	17667.8445    	2772.36353    
566.5000      	17652.2507    	2371.00000    
567.0000      	17636.6843    	2350.00000    
567.5000      	17621.1454    	2430.72729    
568.0000      	17605.6338    	2493.18188    
568.5000      	17590.1495    	2376.45459    
569.0000      	17574.6924    	2530.54541    
569.5000      	17559.2625    	2496.27271    
570.0000      	17543.8596    	2372.00000    
570.5000      	17528.4838    	2256.09082    
571.0000      	17513.1349    	2519.00000    
571.5000      	17497.8128    	2731.90918    
572.0000      	17482.5175    	2406.00000    
572.5000      	17467.2489    	2894.63647    
573.0000      	17452.0070    	2233.00000    
573.5000      	17436.7916    	2611.90918    
574.0000      	17421.6028    	2365.45459    
574.5000      	17406.4404    	2374.18188    
575.0000      	17391.3043    	2487.54541    
575.5000      	17376.1946    	2452.63647    
576.0000      	17361.1111    	2537.45459    
576.5000      	17346.0538    	2319.27271    
577.0000      	17331.0225    	2334.72729    
577.5000      	17316.0173    	2250.18188    
578.0000      	17301.0381    	2567.36353    
578.5000      	17286.0847    	2430.27271    
579.0000      	17271.1572    	2633.72729    
579.5000      	17256.2554    	2424.27271    
580.0000      	17241.3793    	3481.00000    
580.5000      	17226.5289    	2791.09082    
581.0000      	17211.7040    	2623.09082    
581.5000      	17196.9046    	2227.81812    
582.0000      	17182.1306    	2491.36353    
582.5000      	17167.3820    	2606.36353    
583.0000      	17152.6587    	2413.09082    
583.5000      	17137.9606    	2747.72729    
584.0000      	17123.2877    	2353.36353    
584.5000      	17108.6399    	2181.09082    
585.0000      	17094.0171    	2319.00000    
585.5000      	17079.4193    	2112.72729    
586.0000      	17064.8464    	2460.45459    
586.5000      	17050.2984    	2368.36353    
587.0000      	17035.7751    	2435.00000    
587.5000      	17021.2766    	2429.18188    
588.0000      	17006.8027    	2629.54541    
588.5000      	16992.3534    	2581.18188    
589.0000      	16977.9287    	2657.72729    
589.5000      	16963.5284    	2592.00000    
590.0000      	16949.1525    	3018.81812    
590.5000      	16934.8010    	2604.63647    
591.0000      	16920.4738    	2484.54541    
591.5000      	16906.1708    	2770.09082    
592.0000      	16891.8919    	2441.18188    
592.5000      	16877.6371    	2639.09082    
593.0000      	16863.4064    	2432.18188    
593.5000      	16849.1997    	2510.54541    
594.0000      	16835.0168    	2237.00000    
594.5000      	16820.8579    	3051.18188    
595.0000      	16806.7227    	2475.27271    
595.5000      	16792.6113    	2278.18188    
596.0000      	16778.5235    	2880.36353    
596.5000      	16764.4593    	2654.63647    
597.0000      	16750.4188    	2393.27271    
597.5000      	16736.4017    	2340.09082    
598.0000      	16722.4080    	2759.81812    
598.5000      	16708.4378    	2757.00000    
599.0000      	16694.4908    	2798.63647    
599.5000      	16680.5671    	2513.18188    
600.0000      	16666.6667    	2588.18188    
600.5000      	16652.7893    	2618.63647    
601.0000      	16638.9351    	2823.36353    
601.5000      	16625.1039    	2432.00000    
602.0000      	16611.2957    	2341.18188    
602.5000      	16597.5104    	2385.90918    
603.0000      	16583.7479    	2411.90918    
603.5000      	16570.0083    	2288.54541    
604.0000      	16556.2914    	2325.72729    
604.5000      	16542.5972    	2844.00000    
605.0000      	16528.9256    	2913.27271    
605.5000      	16515.2766    	2508.18188    
606.0000      	16501.6502    	2360.63647    
606.5000      	16488.0462    	2500.63647    
607.0000      	16474.4646    	2408.18188    
607.5000      	16460.9053    	2756.63647    
608.0000      	16447.3684    	3013.81812    
608.5000      	16433.8537    	2568.54541    
609.0000      	16420.3612    	2859.36353    
609.5000      	16406.8909    	2391.90918    
610.0000      	16393.4426    	2679.00000    
610.5000      	16380.0164    	3022.81812    
611.0000      	16366.6121    	2269.72729    
611.5000      	16353.2298    	2491.18188    
612.0000      	16339.8693    	2480.36353    
612.5000      	16326.5306    	2769.90918    
613.0000      	16313.2137    	2362.81812    
613.5000      	16299.9185    	2846.45459    
614.0000      	16286.6450    	2483.45459    
614.5000      	16273.3930    	2564.90918    
615.0000      	16260.1626    	2412.63647    
615.5000      	16246.9537    	2331.27271    
616.0000      	16233.7662    	2484.09082    
616.5000      	16220.6002    	2295.81812    
617.0000      	16207.4554    	2609.18188    
617.5000      	16194.3320    	2424.09082    
618.0000      	16181.2298    	2167.81812    
618.5000      	16168.1487    	2637.72729    
619.0000      	16155.0889    	2584.27271    
619.5000      	16142.0500    	2397.27271    
620.0000      	16129.0323    	2546.27271    
620.5000      	16116.0355    	2776.81812    
621.0000      	16103.0596    	2468.09082    
621.5000      	16090.1046    	2167.00000    
622.0000      	16077.1704    	2367.18188    
622.5000      	16064.2570    	2747.00000    
623.0000      	16051.3644    	2469.09082    
623.5000      	16038.4924    	2347.00000    
624.0000      	16025.6410    	2539.45459    
624.5000      	16012.8102    	3040.18188    
625.0000      	16000.0000    	2649.45459    
625.5000      	15987.2102    	2410.54541    
626.0000      	15974.4409    	2579.63647    
626.5000      	15961.6919    	2394.63647    
627.0000      	15948.9633    	2555.45459    
627.5000      	15936.2550    	2652.18188    
628.0000      	15923.5669    	2712.27271    
628.5000      	15910.8990    	2248.27271    
629.0000      	15898.2512    	2548.72729    
629.5000      	15885.6235    	2343.90918    
630.0000      	15873.0159    	2274.81812    
630.5000      	15860.4282    	2440.18188    
631.0000      	15847.8605    	2480.36353    
631.5000      	15835.3127    	2327.27271    
632.0000      	15822.7848    	2553.54541    
632.5000      	15810.2767    	2578.36353    
633.0000      	15797.7883    	2368.18188    
633.5000      	15785.3197    	2144.09082    
634.0000      	15772.8707    	2799.27271    
634.5000      	15760.4413    	2635.18188    
635.0000      	15748.0315    	2461.90918    
635.5000      	15735.6412    	2796.18188    
636.0000      	15723.2704    	2676.81812    
636.5000      	15710.9191    	2454.09082    
637.0000      	15698.5871    	2896.27271    
637.5000      	15686.2745    	2713.09082    
638.0000      	15673.9812    	2537.18188    
638.5000      	15661.7071    	2392.90918    
639.0000      	15649.4523    	2744.18188    
639.5000      	15637.2166    	2618.90918    
640.0000      	15625.0000    	2873.36353    
640.5000      	15612.8025    	2749.36353    
641.0000      	15600.6240    	2528.18188    
641.5000      	15588.4645    	2669.00000    
642.0000      	15576.3240    	2157.90918    
642.5000      	15564.2023    	2696.72729    
643.0000      	15552.0995    	2180.54541    
643.5000      	15540.0155    	2216.09082    
644.0000      	15527.9503    	2474.18188    
644.5000      	15515.9038    	2632.36353    
645.0000      	15503.8760    	2332.90918    
645.5000      	15491.8668    	2600.72729    
646.0000      	15479.8762    	2375.72729    
646.5000      	15467.9041    	2513.00000    
647.0000      	15455.9505    	2317.63647    
647.5000      	15444.0154    	2594.00000    
648.0000      	15432.0988    	2630.00000    
648.5000      	15420.2005    	2828.63647    
649.0000      	15408.3205    	2536.36353    
649.5000      	15396.4588    	2687.00000    
650.0000      	15384.6154    	2475.63647    
650.5000      	15372.7902    	2395.36353    
651.0000      	15360.9831    	2384.09082    
651.5000      	15349.1942    	2249.72729    
652.0000      	15337.4233    	2823.00000    
652.5000      	15325.6705    	2412.36353    
653.0000      	15313.9357    	2295.81812    
653.5000      	15302.2188    	2482.36353    
654.0000      	15290.5199    	2399.45459    
654.5000      	15278.8388    	2242.72729    
655.0000      	15267.1756    	2159.81812    
655.5000      	15255.5301    	2459.18188    
656.0000      	15243.9024    	2456.63647    
656.5000      	15232.2925    	2362.54541    
657.0000      	15220.7002    	2239.90918    
657.5000      	15209.1255    	3024.18188    
658.0000      	15197.5684    	2577.18188    
658.5000      	15186.0289    	2381.45459    
659.0000      	15174.5068    	2222.54541    
659.5000      	15163.0023    	2658.09082    
660.0000      	15151.5152    	2305.81812    
660.5000      	15140.0454    	2419.72729    
661.0000      	15128.5930    	2742.09082    
661.5000      	15117.1580    	2849.36353    
662.0000      	15105.7402    	2630.54541    
662.5000      	15094.3396    	2787.18188    
663.0000      	15082.9563    	2538.63647    
663.5000      	15071.5901    	2581.27271    
664.0000      	15060.2410    	2424.45459    
664.5000      	15048.9090    	2322.54541    
665.0000      	15037.5940    	2575.09082    
665.5000      	15026.2960    	2545.00000    
666.0000      	15015.0150    	2541.81812    
666.5000      	15003.7509    	2519.63647    
667.0000      	14992.5037    	2523.90918    
667.5000      	14981.2734    	2777.54541    
668.0000      	14970.0599    	2616.00000    
668.5000      	14958.8631    	2313.81812    
669.0000      	14947.6831    	2388.00000    
669.5000      	14936.5198    	2324.45459    
670.0000      	14925.3731    	2373.45459    
670.5000      	14914.2431    	2601.00000    
671.0000      	14903.1297    	2685.27271    
671.5000      	14892.0328    	2441.81812    
672.0000      	14880.9524    	2406.36353    
672.5000      	14869.8885    	2369.09082    
673.0000      	14858.8410    	2477.63647    
673.5000      	14847.8099    	2445.63647    
674.0000      	14836.7953    	2575.09082    
674.5000      	14825.7969    	3029.81812    
675.0000      	14814.8148    	2858.27271    
675.5000      	14803.8490    	2542.45459    
676.0000      	14792.8994    	2566.36353    
676.5000      	14781.9660    	2755.90918    
677.0000      	14771.0487    	2997.81812    
677.5000      	14760.1476    	2555.09082    
678.0000      	14749.2625    	2634.45459    
678.5000      	14738.3935    	2660.18188    
679.0000      	14727.5405    	3150.81812    
679.5000      	14716.7035    	2692.27271    
680.0000      	14705.8824    	2626.63647    
680.5000      	14695.0771    	2334.18188    
681.0000      	14684.2878    	2390.63647    
681.5000      	14673.5143    	2731.18188    
682.0000      	14662.7566    	2601.27271    
682.5000      	14652.0147    	2775.45459    
683.0000      	14641.2884    	2493.36353    
683.5000      	14630.5779    	2563.36353    
684.0000      	14619.8830    	2422.90918    
684.5000      	14609.2038    	2682.72729    
685.0000      	14598.5401    	2515.54541    
685.5000      	14587.8920    	2263.81812    
686.0000      	14577.2595    	2501.27271    
686.5000      	14566.6424    	2357.72729    
687.0000      	14556.0408    	2283.54541    
687.5000      	14545.4545    	2142.36353    
688.0000      	14534.8837    	2790.45459    
688.5000      	14524.3282    	3202.63647    
689.0000      	14513.7881    	2357.72729    
689.5000      	14503.2632    	2350.90918    
690.0000      	14492.7536    	2973.27271    
690.5000      	14482.2592    	2347.00000    
691.0000      	14471.7800    	2632.90918    
691.5000      	14461.3160    	2455.18188    
692.0000      	14450.8671    	2558.36353    
692.5000      	14440.4332    	3195.45459    
693.0000      	14430.0144    	2702.45459    
693.5000      	14419.6107    	2502.54541    
694.0000      	14409.2219    	2943.54541    
694.5000      	14398.8481    	2566.54541    
695.0000      	14388.4892    	2529.45459    
695.5000      	14378.1452    	2495.27271    
696.0000      	14367.8161    	2264.72729    
696.5000      	14357.5018    	2738.90918    
697.0000      	14347.2023    	2519.00000    
697.5000      	14336.9176    	2546.18188    
698.0000      	14326.6476    	2754.81812    
698.5000      	14316.3923    	2678.81812    
699.0000      	14306.1516    	2640.45459    
699.5000      	14295.9257    	2572.45459    
700.0000      	14285.7143    	2514.45459    
700.5000      	14275.5175    	2718.36353    
701.0000      	14265.3352    	3119.72729    
701.5000      	14255.1675    	2436.45459    
702.0000      	14245.0142    	2577.90918    
702.5000      	14234.8754    	2463.90918    
703.0000      	14224.7511    	2387.54541    
703.5000      	14214.6411    	2352.09082    
704.0000      	14204.5455    	2129.81812    
704.5000      	14194.4642    	2656.81812    
705.0000      	14184.3972    	2634.00000    
705.5000      	14174.3444    	2529.45459    
706.0000      	14164.3059    	2773.09082    
706.5000      	14154.2817    	2780.45459    
707.0000      	14144.2716    	2657.81812    
707.5000      	14134.2756    	2573.45459    
708.0000      	14124.2938    	2435.09082    
708.5000      	14114.3260    	2417.90918    
709.0000      	14104.3724    	2680.36353    
709.5000      	14094.4327    	3098.00000    
710.0000      	14084.5070    	2536.45459    
710.5000      	14074.5954    	2591.36353    
711.0000      	14064.6976    	2748.09082    
711.5000      	14054.8138    	2762.09082    
712.0000      	14044.9438    	2647.81812    
712.5000      	14035.0877    	2683.27271    
713.0000      	14025.2454    	2544.00000    
713.5000      	14015.4170    	2962.54541    
714.0000      	14005.6022    	2752.18188    
714.5000      	13995.8013    	2994.18188    
715.0000      	13986.0140    	2326.54541    
715.5000      	13976.2404    	2553.81812    
716.0000      	13966.4804    	2623.90918    
716.5000      	13956.7341    	2596.63647    
717.0000      	13947.0014    	2616.90918    
717.5000      	13937.2822    	2495.90918    
718.0000      	13927.5766    	2649.63647    
718.5000      	13917.8845    	2622.36353    
719.0000      	13908.2058    	2511.00000    
719.5000      	13898.5407    	2653.81812    
720.0000      	13888.8889    	2865.36353    
720.5000      	13879.2505    	2632.72729    
721.0000      	13869.6255    	2487.54541    
721.5000      	13860.0139    	2487.81812    
722.0000      	13850.4155    	2572.63647    
722.5000      	13840.8304    	2070.45459    
723.0000      	13831.2586    	2416.27271    
723.5000      	13821.7001    	2325.90918    
724.0000      	13812.1547    	2235.00000    
724.5000      	13802.6225    	2213.81812    
725.0000      	13793.1034    	2550.63647    
725.5000      	13783.5975    	2498.36353    
726.0000      	13774.1047    	2361.81812    
726.5000      	13764.6249    	2629.09082    
727.0000      	13755.1582    	2385.00000    
727.5000      	13745.7045    	2443.27271    
728.0000      	13736.2637    	2587.90918    
728.5000      	13726.8360    	2592.81812    
729.0000      	13717.4211    	2630.18188    
729.5000      	13708.0192    	2578.09082    
730.0000      	13698.6301    	2611.00000    
730.5000      	13689.2539    	2582.27271    
731.0000      	13679.8906    	2686.18188    
731.5000      	13670.5400    	2601.72729    
732.0000      	13661.2022    	2479.36353    
732.5000      	13651.8771    	2767.00000    
733.0000      	13642.5648    	2537.18188    
733.5000      	13633.2652    	2782.72729    
734.0000      	13623.9782    	2753.90918    
734.5000      	13614.7039    	2448.54541    
735.0000      	13605.4422    	2740.18188    
735.5000      	13596.1931    	2535.45459    
736.0000      	13586.9565    	2651.63647    
736.5000      	13577.7325    	2851.63647    
737.0000      	13568.5210    	2780.18188    
737.5000      	13559.3220    	2494.63647    
738.0000      	13550.1355    	2529.45459    
738.5000      	13540.9614    	2468.54541    
739.0000      	13531.7997    	2237.18188    
739.5000      	13522.6504    	2386.36353    
740.0000      	13513.5135    	2391.27271    
740.5000      	13504.3889    	2148.54541    
741.0000      	13495.2767    	2518.09082    
741.5000      	13486.1767    	2916.90918    
742.0000      	13477.0889    	3093.45459    
742.5000      	13468.0135    	2337.00000    
743.0000      	13458.9502    	2441.72729    
743.5000      	13449.8991    	2509.45459    
744.0000      	13440.8602    	2451.81812    
744.5000      	13431.8334    	2694.81812    
745.0000      	13422.8188    	2509.09082    
745.5000      	13413.8162    	2238.18188    
746.0000      	13404.8257    	2296.00000    
746.5000      	13395.8473    	2577.81812    
747.0000      	13386.8809    	2329.00000    
747.5000      	13377.9264    	2629.45459    
748.0000      	13368.9840    	2396.18188    
748.5000      	13360.0534    	2506.54541    
749.0000      	13351.1348    	2412.18188    
749.5000      	13342.2282    	2330.90918    
750.0000      	13333.3333    	2342.27271    
750.5000      	13324.4504    	2535.45459    
751.0000      	13315.5792    	2667.18188    
751.5000      	13306.7199    	2814.90918    
752.0000      	13297.8723    	2897.63647    
752.5000      	13289.0365    	2993.72729    
753.0000      	13280.2125    	3139.54541    
753.5000      	13271.4001    	2752.81812    
754.0000      	13262.5995    	2555.90918    
754.5000      	13253.8105    	2783.27271    
755.0000      	13245.0331    	2625.81812    
755.5000      	13236.2674    	2511.72729    
756.0000      	13227.5132    	2625.09082    
756.5000      	13218.7707    	2783.81812    
757.0000      	13210.0396    	2589.27271    
757.5000      	13201.3201    	2517.81812    
758.0000      	13192.6121    	2685.00000    
758.5000      	13183.9156    	2745.81812    
759.0000      	13175.2306    	2966.72729    
759.5000      	13166.5569    	2421.54541    
760.0000      	13157.8947    	2567.09082    
760.5000      	13149.2439    	2980.54541    
761.0000      	13140.6045    	2352.36353    
761.5000      	13131.9764    	2882.72729    
762.0000      	13123.3596    	2613.09082    
762.5000      	13114.7541    	2530.90918    
763.0000      	13106.1599    	2541.54541    
763.5000      	13097.5769    	2658.90918    
764.0000      	13089.0052    	2575.27271    
764.5000      	13080.4447    	2248.45459    
765.0000      	13071.8954    	2381.90918    
765.5000      	13063.3573    	2590.72729    
766.0000      	13054.8303    	2686.63647    
766.5000      	13046.3144    	2755.27271    
767.0000      	13037.8096    	2567.18188    
767.5000      	13029.3160    	2186.81812    
768.0000      	13020.8333    	2570.00000    
768.5000      	13012.3617    	2803.00000    
769.0000      	13003.9012    	2716.72729    
769.5000      	12995.4516    	2741.63647    
770.0000      	12987.0130    	2651.00000    
770.5000      	12978.5853    	2553.27271    
771.0000      	12970.1686    	2776.27271    
771.5000      	12961.7628    	3099.00000    
772.0000      	12953.3679    	2517.72729    
772.5000      	12944.9838    	2481.45459    
773.0000      	12936.6106    	2603.81812    
773.5000      	12928.2482    	2665.09082    
774.0000      	12919.8966    	2706.45459    
774.5000      	12911.5558    	2480.45459    
775.0000      	12903.2258    	2598.27271    
775.5000      	12894.9065    	2655.00000    
776.0000      	12886.5979    	2490.09082    
776.5000      	12878.3001    	2472.72729    
777.0000      	12870.0129    	2494.09082    
777.5000      	12861.7363    	2295.63647    
778.0000      	12853.4704    	2476.18188    
778.5000      	12845.2152    	2935.00000    
779.0000      	12836.9705    	2763.63647    
779.5000      	12828.7364    	2834.72729    
780.0000      	12820.5128    	2412.18188    
780.5000      	12812.2998    	2352.54541    
781.0000      	12804.0973    	2474.63647    
781.5000      	12795.9053    	2713.18188    
782.0000      	12787.7238    	2650.18188    
782.5000      	12779.5527    	2446.72729    
783.0000      	12771.3921    	2305.18188    
783.5000      	12763.2419    	2486.45459    
784.0000      	12755.1020    	2365.27271    
784.5000      	12746.9726    	2853.18188    
785.0000      	12738.8535    	2534.81812    
785.5000      	12730.7447    	2406.36353    
786.0000      	12722.6463    	2412.00000    
786.5000      	12714.5582    	2442.00000    
787.0000      	12706.4803    	2793.27271    
787.5000      	12698.4127    	2600.18188    
788.0000      	12690.3553    	2989.18188    
788.5000      	12682.3082    	2582.72729    
789.0000      	12674.2712    	2699.00000    
789.5000      	12666.2445    	2564.27271    
790.0000      	12658.2278    	2515.18188    
790.5000      	12650.2214    	2548.09082    
791.0000      	12642.2250    	2420.00000    
791.5000      	12634.2388    	2509.63647    
792.0000      	12626.2626    	2701.36353    
792.5000      	12618.2965    	2581.90918    
793.0000      	12610.3405    	2483.72729    
793.5000      	12602.3945    	2358.45459    
794.0000      	12594.4584    	2680.81812    
794.5000      	12586.5324    	2738.54541    
795.0000      	12578.6164    	2774.36353    
795.5000      	12570.7102    	2680.36353    
796.0000      	12562.8141    	2401.81812    
796.5000      	12554.9278    	2373.27271    
797.0000      	12547.0514    	2692.90918    
797.5000      	12539.1850    	2567.36353    
798.0000      	12531.3283    	2569.81812    
798.5000      	12523.4815    	2380.54541    
799.0000      	12515.6446    	2295.54541    
799.5000      	12507.8174    	2669.00000    
800.0000      	12500.0000    	2903.90918    
