350.0000      	28571.4286    	1571.90906    
350.5000      	28530.6705    	1562.63635    
351.0000      	28490.0285    	1573.00000    
351.5000      	28449.5021    	1537.63635    
352.0000      	28409.0909    	1521.72729    
352.5000      	28368.7943    	1540.63635    
353.0000      	28328.6119    	1496.09094    
353.5000      	28288.5431    	1559.36365    
354.0000      	28248.5876    	1455.18176    
354.5000      	28208.7447    	1443.90906    
355.0000      	28169.0141    	1482.00000    
355.5000      	28129.3952    	1504.72729    
356.0000      	28089.8876    	1390.36365    
356.5000      	28050.4909    	1476.09094    
357.0000      	28011.2045    	1454.27271    
357.5000      	27972.0280    	1481.18176    
358.0000      	27932.9609    	1479.27271    
358.5000      	27894.0028    	1643.18176    
359.0000      	27855.1532    	1503.45459    
359.5000      	27816.4117    	1541.45459    
360.0000      	27777.7778    	1473.27271    
360.5000      	27739.2510    	1513.00000    
361.0000      	27700.8310    	1500.90906    
361.5000      	27662.5173    	1608.18176    
362.0000      	27624.3094    	1509.27271    
362.5000      	27586.2069    	1559.00000    
363.0000      	27548.2094    	1581.54541    
363.5000      	27510.3164    	1449.18176    
364.0000      	27472.5275    	1401.27271    
364.5000      	27434.8422    	1456.09094    
365.0000      	27397.2603    	1488.90906    
365.5000      	27359.7811    	1531.81824    
366.0000      	27322.4044    	1534.72729    
366.5000      	27285.1296    	1517.54541    
367.0000      	27247.9564    	1525.72729    
367.5000      	27210.8844    	1615.18176    
368.0000      	27173.9130    	1502.18176    
368.5000      	27137.0421    	1584.36365    
369.0000      	27100.2710    	1474.72729    
369.5000      	27063.5995    	1467.81824    
370.0000      	27027.0270    	1602.00000    
370.5000      	26990.5533    	1441.81824    
371.0000      	26954.1779    	1515.18176    
371.5000      	26917.9004    	1468.45459    
372.0000      	26881.7204    	1476.90906    
372.5000      	26845.6376    	1560.63635    
373.0000      	26809.6515    	1490.18176    
373.5000      	26773.7617    	1529.09094    
374.0000      	26737.9679    	1615.09094    
374.5000      	26702.2697    	1488.09094    
375.0000      	26666.6667    	1453.90906    
375.5000      	26631.1585    	1521.00000    
376.0000      	26595.7447    	1514.27271    
376.5000      	26560.4250    	1456.81824    
377.0000      	26525.1989    	1514.81824    
377.5000      	26490.0662    	1519.00000    
378.0000      	26455.0265    	1481.81824    
378.5000      	26420.0793    	1491.81824    
379.0000      	26385.2243    	1508.27271    
379.5000      	26350.4611    	1511.54541    
380.0000      	26315.7895    	1465.18176    
380.5000      	26281.2089    	1489.72729    
381.0000      	26246.7192    	1491.63635    
381.5000      	26212.3198    	1456.00000    
382.0000      	26178.0105    	1492.81824    
382.5000      	26143.7908    	1517.36365    
383.0000      	26109.6606    	1536.00000    
383.5000      	26075.6193    	1479.09094    
384.0000      	26041.6667    	1626.18176    
384.5000      	26007.8023    	1489.54541    
385.0000      	25974.0260    	1482.63635    
385.5000      	25940.3372    	1452.00000    
386.0000      	25906.7358    	1435.09094    
386.5000      	25873.2212    	1484.72729    
387.0000      	25839.7933    	1520.63635    
387.5000      	25806.4516    	1460.90906    
388.0000      	25773.1959    	1523.09094    
388.5000      	25740.0257    	1491.90906    
389.0000      	25706.9409    	1497.90906    
389.5000      	25673.9409    	1528.63635    
390.0000      	25641.0256    	1496.81824    
390.5000      	25608.1946    	1486.09094    
391.0000      	25575.4476    	1505.27271    
391.5000      	25542.7842    	1596.09094    
392.0000      	25510.2041    	1468.63635    
392.5000      	25477.7070    	1453.27271    
393.0000      	25445.2926    	1535.18176    
393.5000      	25412.9606    	1460.18176    
394.0000      	25380.7107    	1579.90906    
394.5000      	25348.5425    	1462.27271    
395.0000      	25316.4557    	1519.45459    
395.5000      	25284.4501    	1510.00000    
396.0000      	25252.5253    	1615.63635    
396.5000      	25220.6810    	1503.18176    
397.0000      	25188.9169    	1524.90906    
397.5000      	25157.2327    	1513.36365    
398.0000      	25125.6281    	1516.63635    
398.5000      	25094.1029    	1471.09094    
399.0000      	25062.6566    	1536.09094    
399.5000      	25031.2891    	1574.45459    
400.0000      	25000.0000    	1537.45459    
400.5000      	24968.7890    	1468.54541    
401.0000      	24937.6559    	1480.90906    
401.5000      	24906.6002    	1523.63635    
402.0000      	24875.6219    	1577.90906    
402.5000      	24844.7205    	1503.18176    
403.0000      	24813.8958    	1408.27271    
403.5000      	24783.1475    	1498.27271    
404.0000      	24752.4752    	1496.81824    
404.5000      	24721.8789    	1576.54541    
405.0000      	24691.3580    	1503.81824    
405.5000      	24660.9125    	1472.81824    
406.0000      	24630.5419    	1475.54541    
406.5000      	24600.2460    	1462.18176    
407.0000      	24570.0246    	1524.45459    
407.5000      	24539.8773    	1459.81824    
408.0000      	24509.8039    	1424.27271    
408.5000      	24479.8042    	1445.09094    
409.0000      	24449.8778    	1425.27271    
409.5000      	24420.0244    	1504.18176    
410.0000      	24390.2439    	1503.18176    
410.5000      	24360.5359    	1601.72729    
411.0000      	24330.9002    	1557.63635    
411.5000      	24301.3366    	1534.72729    
412.0000      	24271.8447    	1568.45459    
412.5000      	24242.4242    	1472.90906    
413.0000      	24213.0751    	1559.00000    
413.5000      	24183.7969    	1524.45459    
414.0000      	24154.5894    	1463.00000    
414.5000      	24125.4524    	1436.63635    
415.0000      	24096.3855    	1399.81824    
415.5000      	24067.3887    	1510.09094    
416.0000      	24038.4615    	1536.18176    
416.5000      	24009.6038    	1533.63635    
417.0000      	23980.8153    	1462.09094    
417.5000      	23952.0958    	1445.36365    
418.0000      	23923.4450    	1542.81824    
418.5000      	23894.8626    	1532.54541    
419.0000      	23866.3484    	1508.90906    
419.5000      	23837.9023    	1451.00000    
420.0000      	23809.5238    	1492.00000    
420.5000      	23781.2128    	1540.54541    
421.0000      	23752.9691    	1461.81824    
421.5000      	23724.7924    	1457.36365    
422.0000      	23696.6825    	1536.36365    
422.5000      	23668.6391    	1517.81824    
423.0000      	23640.6619    	1508.18176    
423.5000      	23612.7509    	1408.09094    
424.0000      	23584.9057    	1513.00000    
424.5000      	23557.1260    	1588.00000    
425.0000      	23529.4118    	1463.90906    
425.5000      	23501.7626    	1468.09094    
426.0000      	23474.1784    	1442.18176    
426.5000      	23446.6589    	1509.72729    
427.0000      	23419.2037    	1493.63635    
427.5000      	23391.8129    	1509.00000    
428.0000      	23364.4860    	1441.90906    
428.5000      	23337.2229    	1484.09094    
429.0000      	23310.0233    	1602.90906    
429.5000      	23282.8871    	1500.63635    
430.0000      	23255.8140    	1495.63635    
430.5000      	23228.8037    	1509.27271    
431.0000      	23201.8561    	1590.27271    
431.5000      	23174.9710    	1468.00000    
432.0000      	23148.1481    	1449.36365    
432.5000      	23121.3873    	1491.72729    
433.0000      	23094.6882    	1413.45459    
433.5000      	23068.0507    	1475.00000    
434.0000      	23041.4747    	1571.27271    
434.5000      	23014.9597    	1451.09094    
435.0000      	22988.5057    	1537.09094    
435.5000      	22962.1125    	1572.45459    
436.0000      	22935.7798    	1537.18176    
436.5000      	22909.5074    	1474.36365    
437.0000      	22883.2952    	1467.18176    
437.5000      	22857.1429    	1487.54541    
438.0000      	22831.0502    	1457.09094    
438.5000      	22805.0171    	1411.36365    
439.0000      	22779.0433    	1409.72729    
439.5000      	22753.1286    	1395.90906    
440.0000      	22727.2727    	1629.90906    
440.5000      	22701.4756    	1552.72729    
441.0000      	22675.7370    	1636.54541    
441.5000      	22650.0566    	1456.00000    
442.0000      	22624.4344    	1447.54541    
442.5000      	22598.8701    	1581.00000    
443.0000      	22573.3634    	1548.81824    
443.5000      	22547.9143    	1505.81824    
444.0000      	22522.5225    	1515.27271    
444.5000      	22497.1879    	1518.00000    
445.0000      	22471.9101    	1550.09094    
445.5000      	22446.6891    	1390.63635    
446.0000      	22421.5247    	1432.18176    
446.5000      	22396.4166    	1532.18176    
447.0000      	22371.3647    	1443.36365    
447.5000      	22346.3687    	1486.27271    
448.0000      	22321.4286    	1513.09094    
448.5000      	22296.5440    	1447.18176    
449.0000      	22271.7149    	1514.72729    
449.5000      	22246.9410    	1607.45459    
450.0000      	22222.2222    	1499.90906    
450.5000      	22197.5583    	1546.54541    
451.0000      	22172.9490    	1567.72729    
451.5000      	22148.3942    	1527.81824    
452.0000      	22123.8938    	1475.36365    
452.5000      	22099.4475    	1470.63635    
453.0000      	22075.0552    	1481.00000    
453.5000      	22050.7166    	1476.63635    
454.0000      	22026.4317    	1433.18176    
454.5000      	22002.2002    	1448.09094    
455.0000      	21978.0220    	1480.81824    
455.5000      	21953.8968    	1512.36365    
456.0000      	21929.8246    	1516.00000    
456.5000      	21905.8050    	1549.63635    
457.0000      	21881.8381    	1604.18176    
457.5000      	21857.9235    	1574.36365    
458.0000      	21834.0611    	1504.81824    
458.5000      	21810.2508    	1446.00000    
459.0000      	21786.4924    	1618.27271    
459.5000      	21762.7856    	1494.09094    
460.0000      	21739.1304    	1592.81824    
460.5000      	21715.5266    	1508.27271    
461.0000      	21691.9740    	1532.36365    
461.5000      	21668.4724    	1594.90906    
462.0000      	21645.0216    	1573.36365    
462.5000      	21621.6216    	1476.63635    
463.0000      	21598.2721    	1521.09094    
463.5000      	21574.9730    	1496.90906    
464.0000      	21551.7241    	1478.54541    
464.5000      	21528.5253    	1540.45459    
465.0000      	21505.3763    	1628.00000    
465.5000      	21482.2771    	1486.45459    
466.0000      	21459.2275    	1837.63635    
466.5000      	21436.2272    	1444.90906    
467.0000      	21413.2762    	1505.00000    
467.5000      	21390.3743    	1599.45459    
468.0000      	21367.5214    	1529.45459    
468.5000      	21344.7172    	1541.72729    
469.0000      	21321.9616    	1647.63635    
469.5000      	21299.2545    	1575.81824    
470.0000      	21276.5957    	1524.27271    
470.5000      	21253.9851    	1643.63635    
471.0000      	21231.4225    	1603.63635    
471.5000      	21208.9077    	1531.00000    
472.0000      	21186.4407    	1505.18176    
472.5000      	21164.0212    	1575.45459    
473.0000      	21141.6490    	1621.18176    
473.5000      	21119.3242    	1539.54541    
474.0000      	21097.0464    	1680.27271    
474.5000      	21074.8156    	1621.81824    
475.0000      	21052.6316    	1532.27271    
475.5000      	21030.4942    	1647.45459    
476.0000      	21008.4034    	1618.72729    
476.5000      	20986.3589    	1659.72729    
477.0000      	20964.3606    	1725.00000    
477.5000      	20942.4084    	1786.72729    
478.0000      	20920.5021    	1806.18176    
478.5000      	20898.6416    	1778.09094    
479.0000      	20876.8267    	1803.18176    
479.5000      	20855.0574    	1808.54541    
480.0000      	20833.3333    	1826.27271    
480.5000      	20811.6545    	1880.09094    
481.0000      	20790.0208    	1910.18176    
481.5000      	20768.4320    	1918.63635    
482.0000      	20746.8880    	1977.63635    
482.5000      	20725.3886    	2105.18188    
483.0000      	20703.9337    	2103.81812    
483.5000      	20682.5233    	2195.72729    
484.0000      	20661.1570    	2250.45459    
484.5000      	20639.8349    	2264.36353    
485.0000      	20618.5567    	2301.18188    
485.5000      	20597.3223    	2473.72729    
486.0000      	20576.1317    	2571.36353    
486.5000      	20554.9846    	2493.00000    
487.0000      	20533.8809    	2667.81812    
487.5000      	20512.8205    	2761.63647    
488.0000      	20491.8033    	2964.63647    
488.5000      	20470.8291    	2934.36353    
489.0000      	20449.8978    	3057.90918    
489.5000      	20429.0092    	3256.72729    
490.0000      	20408.1633    	3386.27271    
490.5000      	20387.3598    	3526.00000    
491.0000      	20366.5988    	3611.18188    
491.5000      	20345.8800    	3893.45459    
492.0000      	20325.2033    	4027.36353    
492.5000      	20304.5685    	4198.81836    
493.0000      	20283.9757    	4514.72705    
493.5000      	20263.4245    	4474.00000    
494.0000      	20242.9150    	4795.27295    
494.5000      	20222.4469    	5089.90918    
495.0000      	20202.0202    	5320.54541    
495.5000      	20181.6347    	5549.00000    
496.0000      	20161.2903    	5973.90918    
496.5000      	20140.9869    	6121.36377    
497.0000      	20120.7243    	6465.09082    
497.5000      	20100.5025    	6901.09082    
498.0000      	20080.3213    	7195.09082    
498.5000      	20060.1805    	7577.72705    
499.0000      	20040.0802    	8216.63672    
499.5000      	20020.0200    	8320.63672    
500.0000      	20000.0000    	8720.72754    
500.5000      	19980.0200    	9261.90918    
501.0000      	19960.0798    	9846.09082    
501.5000      	19940.1795    	10299.18164   
502.0000      	19920.3187    	10599.63672   
502.5000      	19900.4975    	11135.90918   
503.0000      	19880.7157    	11608.18164   
503.5000      	19860.9732    	12408.36328   
504.0000      	19841.2698    	12979.54590   
504.5000      	19821.6056    	13636.45410   
505.0000      	19801.9802    	13928.81836   
505.5000      	19782.3937    	14520.36328   
506.0000      	19762.8458    	15165.81836   
506.5000      	19743.3366    	15763.27246   
507.0000      	19723.8659    	16534.72656   
507.5000      	19704.4335    	16847.72656   
508.0000      	19685.0394    	17530.27344   
508.5000      	19665.6834    	18145.27344   
509.0000      	19646.3654    	18549.81836   
509.5000      	19627.0854    	19224.27344   
510.0000      	19607.8431    	19680.54492   
510.5000      	19588.6386    	20174.90820   
511.0000      	19569.4716    	20695.00000   
511.5000      	19550.3421    	21205.90820   
512.0000      	19531.2500    	21752.81836   
512.5000      	19512.1951    	21961.90820   
513.0000      	19493.1774    	22084.81836   
513.5000      	19474.1967    	22366.63672   
514.0000      	19455.2529    	22600.72656   
514.5000      	19436.3460    	22770.45508   
515.0000      	19417.4757    	22889.90820   
515.5000      	19398.6421    	22995.63672   
516.0000      	19379.8450    	22957.63672   
516.5000      	19361.0842    	22922.36328   
517.0000      	19342.3598    	22911.09180   
517.5000      	19323.6715    	22928.09180   
518.0000      	19305.0193    	22709.81836   
518.5000      	19286.4031    	22573.54492   
519.0000      	19267.8227    	22264.00000   
519.5000      	19249.2782    	22003.09180   
520.0000      	19230.7692    	21614.27344   
520.5000      	19212.2959    	21472.81836   
521.0000      	19193.8580    	20978.81836   
521.5000      	19175.4554    	20544.18164   
522.0000      	19157.0881    	20204.27344   
522.5000      	19138.7560    	19753.54492   
523.0000      	19120.4589    	19143.00000   
523.5000      	19102.1968    	18810.45508   
524.0000      	19083.9695    	18277.54492   
524.5000      	19065.7769    	17789.09180   
525.0000      	19047.6190    	17342.18164   
525.5000      	19029.4957    	16675.90820   
526.0000      	19011.4068    	16437.90820   
526.5000      	18993.3523    	16081.54590   
527.0000      	18975.3321    	15412.27246   
527.5000      	18957.3460    	14839.36328   
528.0000      	18939.3939    	14512.45410   
528.5000      	18921.4759    	14353.27246   
529.0000      	18903.5917    	13752.36328   
529.5000      	18885.7413    	13385.45410   
530.0000      	18867.9245    	12917.18164   
530.5000      	18850.1414    	12469.45410   
531.0000      	18832.3917    	12386.36328   
531.5000      	18814.6754    	12010.00000   
532.0000      	18796.9925    	11681.72754   
532.5000      	18779.3427    	11263.00000   
533.0000      	18761.7261    	10986.27246   
533.5000      	18744.1425    	10805.00000   
534.0000      	18726.5918    	10546.81836   
534.5000      	18709.0739    	10270.36328   
535.0000      	18691.5888    	10086.81836   
535.5000      	18674.1363    	9685.27246    
536.0000      	18656.7164    	9622.72754    
536.5000      	18639.3290    	9247.18164    
537.0000      	18621.9739    	9045.18164    
537.5000      	18604.6512    	8814.45410    
538.0000      	18587.3606    	8568.18164    
538.5000      	18570.1021    	8416.54590    
539.0000      	18552.8757    	8219.90918    
539.5000      	18535.6812    	8047.36377    
540.0000      	18518.5185    	7777.09082    
540.5000      	18501.3876    	7653.27295    
541.0000      	18484.2884    	7610.00000    
541.5000      	18467.2207    	7380.09082    
542.0000      	18450.1845    	7258.00000    
542.5000      	18433.1797    	7033.00000    
543.0000      	18416.2063    	6957.36377    
543.5000      	18399.2640    	6894.09082    
544.0000      	18382.3529    	6640.63623    
544.5000      	18365.4729    	6503.45459    
545.0000      	18348.6239    	6405.18164    
545.5000      	18331.8057    	6179.90918    
546.0000      	18315.0183    	6167.90918    
546.5000      	18298.2617    	5915.72705    
547.0000      	18281.5356    	5808.63623    
547.5000      	18264.8402    	5648.72705    
548.0000      	18248.1752    	5549.72705    
548.5000      	18231.5406    	5378.72705    
549.0000      	18214.9362    	5327.90918    
549.5000      	18198.3621    	5150.63623    
550.0000      	18181.8182    	4951.63623    
550.5000      	18165.3043    	4928.81836    
551.0000      	18148.8203    	4692.27295    
551.5000      	18132.3663    	4653.81836    
552.0000      	18115.9420    	4505.45459    
552.5000      	18099.5475    	4388.36377    
553.0000      	18083.1826    	4277.18164    
553.5000      	18066.8473    	4402.45459    
554.0000      	18050.5415    	4183.90918    
554.5000      	18034.2651    	4065.18188    
555.0000      	18018.0180    	3908.00000    
555.5000      	18001.8002    	3870.81812    
556.0000      	17985.6115    	3751.09082    
556.5000      	17969.4519    	3637.63647    
557.0000      	17953.3214    	3562.27271    
557.5000      	17937.2197    	3496.27271    
558.0000      	17921.1470    	3466.09082    
558.5000      	17905.1030    	3374.27271    
559.0000      	17889.0877    	3297.81812    
559.5000      	17873.1010    	3345.00000    
560.0000      	17857.1429    	3247.81812    
560.5000      	17841.2132    	3103.72729    
561.0000      	17825.3119    	3137.63647    
561.5000      	17809.4390    	2951.00000    
562.0000      	17793.5943    	2983.63647    
562.5000      	17777.7778    	2943.27271    
563.0000      	17761.9893    	2836.00000    
563.5000      	17746.2289    	2749.81812    
564.0000      	17730.4965    	2829.27271    
564.5000      	17714.7919    	2751.00000    
565.0000      	17699.1150    	2627.45459    
565.5000      	17683.4660    	2524.54541    
566.0000      	17667.8445    	2648.27271    
566.5000      	17652.2507    	2484.09082    
567.0000      	17636.6843    	2466.36353    
567.5000      	17621.1454    	2439.09082    
568.0000      	17605.6338    	2436.00000    
568.5000      	17590.1495    	2369.09082    
569.0000      	17574.6924    	2388.09082    
569.5000      	17559.2625    	2345.90918    
570.0000      	17543.8596    	2296.81812    
570.5000      	17528.4838    	2214.27271    
571.0000      	17513.1349    	2222.09082    
571.5000      	17497.8128    	2270.63647    
572.0000      	17482.5175    	2173.27271    
572.5000      	17467.2489    	2254.63647    
573.0000      	17452.0070    	2093.81812    
573.5000      	17436.7916    	2147.90918    
574.0000      	17421.6028    	2052.09082    
574.5000      	17406.4404    	2019.72729    
575.0000      	17391.3043    	2035.81824    
575.5000      	17376.1946    	1996.90906    
576.0000      	17361.1111    	2013.09094    
576.5000      	17346.0538    	1947.81824    
577.0000      	17331.0225    	1913.90906    
577.5000      	17316.0173    	1868.36365    
578.0000      	17301.0381    	1939.00000    
578.5000      	17286.0847    	1881.00000    
579.0000      	17271.1572    	1939.72729    
579.5000      	17256.2554    	1849.00000    
580.0000      	17241.3793    	2089.18188    
580.5000      	17226.5289    	1918.36365    
581.0000      	17211.7040    	1853.27271    
581.5000      	17196.9046    	1765.00000    
582.0000      	17182.1306    	1818.09094    
582.5000      	17167.3820    	1858.81824    
583.0000      	17152.6587    	1781.45459    
583.5000      	17137.9606    	1826.90906    
584.0000      	17123.2877    	1728.90906    
584.5000      	17108.6399    	1649.63635    
585.0000      	17094.0171    	1685.18176    
585.5000      	17079.4193    	1624.36365    
586.0000      	17064.8464    	1727.90906    
586.5000      	17050.2984    	1692.27271    
587.0000      	17035.7751    	1689.18176    
587.5000      	17021.2766    	1677.45459    
588.0000      	17006.8027    	1724.90906    
588.5000      	16992.3534    	1704.81824    
589.0000      	16977.9287    	1716.54541    
589.5000      	16963.5284    	1702.09094    
590.0000      	16949.1525    	1766.72729    
590.5000      	16934.8010    	1698.90906    
591.0000      	16920.4738    	1638.45459    
591.5000      	16906.1708    	1698.72729    
592.0000      	16891.8919    	1601.90906    
592.5000      	16877.6371    	1653.72729    
593.0000      	16863.4064    	1607.00000    
593.5000      	16849.1997    	1592.72729    
594.0000      	16835.0168    	1531.18176    
594.5000      	16820.8579    	1747.90906    
595.0000      	16806.7227    	1592.36365    
595.5000      	16792.6113    	1537.72729    
596.0000      	16778.5235    	1678.00000    
596.5000      	16764.4593    	1615.36365    
597.0000      	16750.4188    	1560.90906    
597.5000      	16736.4017    	1512.90906    
598.0000      	16722.4080    	1659.36365    
598.5000      	16708.4378    	1678.18176    
599.0000      	16694.4908    	1639.45459    
599.5000      	16680.5671    	1570.72729    
600.0000      	16666.6667    	1566.18176    
600.5000      	16652.7893    	1574.00000    
601.0000      	16638.9351    	1640.09094    
601.5000      	16625.1039    	1537.27271    
602.0000      	16611.2957    	1497.27271    
602.5000      	16597.5104    	1507.27271    
603.0000      	16583.7479    	1511.09094    
603.5000      	16570.0083    	1489.00000    
604.0000      	16556.2914    	1503.45459    
604.5000      	16542.5972    	1625.36365    
605.0000      	16528.9256    	1644.45459    
605.5000      	16515.2766    	1533.54541    
606.0000      	16501.6502    	1511.90906    
606.5000      	16488.0462    	1544.00000    
607.0000      	16474.4646    	1498.90906    
607.5000      	16460.9053    	1567.36365    
608.0000      	16447.3684    	1643.81824    
608.5000      	16433.8537    	1513.36365    
609.0000      	16420.3612    	1601.09094    
609.5000      	16406.8909    	1483.90906    
610.0000      	16393.4426    	1551.54541    
610.5000      	16380.0164    	1632.54541    
611.0000      	16366.6121    	1463.00000    
611.5000      	16353.2298    	1517.45459    
612.0000      	16339.8693    	1516.90906    
612.5000      	16326.5306    	1590.18176    
613.0000      	16313.2137    	1469.27271    
613.5000      	16299.9185    	1600.36365    
614.0000      	16286.6450    	1498.54541    
614.5000      	16273.3930    	1522.54541    
615.0000      	16260.1626    	1491.09094    
615.5000      	16246.9537    	1468.81824    
616.0000      	16233.7662    	1470.09094    
616.5000      	16220.6002    	1427.72729    
617.0000      	16207.4554    	1520.90906    
617.5000      	16194.3320    	1465.36365    
618.0000      	16181.2298    	1410.18176    
618.5000      	16168.1487    	1528.63635    
619.0000      	16155.0889    	1520.45459    
619.5000      	16142.0500    	1472.18176    
620.0000      	16129.0323    	1496.54541    
620.5000      	16116.0355    	1560.45459    
621.0000      	16103.0596    	1492.18176    
621.5000      	16090.1046    	1416.09094    
622.0000      	16077.1704    	1461.00000    
622.5000      	16064.2570    	1557.27271    
623.0000      	16051.3644    	1479.72729    
623.5000      	16038.4924    	1449.81824    
624.0000      	16025.6410    	1475.54541    
624.5000      	16012.8102    	1605.00000    
625.0000      	16000.0000    	1527.36365    
625.5000      	15987.2102    	1461.27271    
626.0000      	15974.4409    	1498.00000    
626.5000      	15961.6919    	1438.63635    
627.0000      	15948.9633    	1470.00000    
627.5000      	15936.2550    	1513.00000    
628.0000      	15923.5669    	1525.45459    
628.5000      	15910.8990    	1402.36365    
629.0000      	15898.2512    	1480.72729    
629.5000      	15885.6235    	1449.81824    
630.0000      	15873.0159    	1418.45459    
630.5000      	15860.4282    	1443.54541    
631.0000      	15847.8605    	1477.54541    
631.5000      	15835.3127    	1417.36365    
632.0000      	15822.7848    	1459.36365    
632.5000      	15810.2767    	1482.54541    
633.0000      	15797.7883    	1435.09094    
633.5000      	15785.3197    	1385.54541    
634.0000      	15772.8707    	1540.45459    
634.5000      	15760.4413    	1505.09094    
635.0000      	15748.0315    	1474.72729    
635.5000      	15735.6412    	1546.18176    
636.0000      	15723.2704    	1519.63635    
636.5000      	15710.9191    	1446.45459    
637.0000      	15698.5871    	1605.18176    
637.5000      	15686.2745    	1528.09094    
638.0000      	15673.9812    	1473.18176    
638.5000      	15661.7071    	1434.00000    
639.0000      	15649.4523    	1550.45459    
639.5000      	15637.2166    	1515.54541    
640.0000      	15625.0000    	1563.81824    
640.5000      	15612.8025    	1545.00000    
641.0000      	15600.6240    	1469.45459    
641.5000      	15588.4645    	1499.27271    
642.0000      	15576.3240    	1398.00000    
642.5000      	15564.2023    	1510.54541    
643.0000      	15552.0995    	1387.90906    
643.5000      	15540.0155    	1398.54541    
644.0000      	15527.9503    	1453.45459    
644.5000      	15515.9038    	1499.00000    
645.0000      	15503.8760    	1427.27271    
645.5000      	15491.8668    	1494.90906    
646.0000      	15479.8762    	1463.18176    
646.5000      	15467.9041    	1475.27271    
647.0000      	15455.9505    	1444.54541    
647.5000      	15444.0154    	1496.00000    
648.0000      	15432.0988    	1500.27271    
648.5000      	15420.2005    	1545.00000    
649.0000      	15408.3205    	1485.63635    
649.5000      	15396.4588    	1514.36365    
650.0000      	15384.6154    	1469.90906    
650.5000      	15372.7902    	1443.63635    
651.0000      	15360.9831    	1424.18176    
651.5000      	15349.1942    	1409.18176    
652.0000      	15337.4233    	1563.09094    
652.5000      	15325.6705    	1478.00000    
653.0000      	15313.9357    	1431.72729    
653.5000      	15302.2188    	1472.27271    
654.0000      	15290.5199    	1437.27271    
654.5000      	15278.8388    	1395.63635    
655.0000      	15267.1756    	1361.09094    
655.5000      	15255.5301    	1448.45459    
656.0000      	15243.9024    	1463.90906    
656.5000      	15232.2925    	1436.90906    
657.0000      	15220.7002    	1410.72729    
657.5000      	15209.1255    	1585.72729    
658.0000      	15197.5684    	1471.09094    
658.5000      	15186.0289    	1457.36365    
659.0000      	15174.5068    	1404.27271    
659.5000      	15163.0023    	1509.63635    
660.0000      	15151.5152    	1401.90906    
660.5000      	15140.0454    	1435.54541    
661.0000      	15128.5930    	1538.54541    
661.5000      	15117.1580    	1535.00000    
662.0000      	15105.7402    	1499.00000    
662.5000      	15094.3396    	1554.45459    
663.0000      	15082.9563    	1475.09094    
663.5000      	15071.5901    	1481.63635    
664.0000      	15060.2410    	1441.27271    
664.5000      	15048.9090    	1420.09094    
665.0000      	15037.5940    	1480.63635    
665.5000      	15026.2960    	1480.09094    
666.0000      	15015.0150    	1443.54541    
666.5000      	15003.7509    	1455.45459    
667.0000      	14992.5037    	1474.45459    
667.5000      	14981.2734    	1529.09094    
668.0000      	14970.0599    	1517.09094    
668.5000      	14958.8631    	1435.72729    
669.0000      	14947.6831    	1453.00000    
669.5000      	14936.5198    	1430.81824    
670.0000      	14925.3731    	1424.00000    
670.5000      	14914.2431    	1485.54541    
671.0000      	14903.1297    	1527.72729    
671.5000      	14892.0328    	1473.00000    
672.0000      	14880.9524    	1443.72729    
672.5000      	14869.8885    	1450.90906    
673.0000      	14858.8410    	1459.54541    
673.5000      	14847.8099    	1412.90906    
674.0000      	14836.7953    	1454.00000    
674.5000      	14825.7969    	1596.36365    
675.0000      	14814.8148    	1540.90906    
675.5000      	14803.8490    	1474.81824    
676.0000      	14792.8994    	1485.54541    
676.5000      	14781.9660    	1511.54541    
677.0000      	14771.0487    	1565.45459    
677.5000      	14760.1476    	1494.09094    
678.0000      	14749.2625    	1519.18176    
678.5000      	14738.3935    	1512.63635    
679.0000      	14727.5405    	1620.18176    
679.5000      	14716.7035    	1504.63635    
680.0000      	14705.8824    	1497.90906    
680.5000      	14695.0771    	1432.72729    
681.0000      	14684.2878    	1437.90906    
681.5000      	14673.5143    	1530.36365    
682.0000      	14662.7566    	1498.90906    
682.5000      	14652.0147    	1506.63635    
683.0000      	14641.2884    	1458.81824    
683.5000      	14630.5779    	1471.45459    
684.0000      	14619.8830    	1431.09094    
684.5000      	14609.2038    	1489.45459    
685.0000      	14598.5401    	1450.27271    
685.5000      	14587.8920    	1383.18176    
686.0000      	14577.2595    	1451.27271    
686.5000      	14566.6424    	1424.81824    
687.0000      	14556.0408    	1416.45459    
687.5000      	14545.4545    	1379.36365    
688.0000      	14534.8837    	1533.18176    
688.5000      	14524.3282    	1631.54541    
689.0000      	14513.7881    	1419.81824    
689.5000      	14503.2632    	1420.72729    
690.0000      	14492.7536    	1581.27271    
690.5000      	14482.2592    	1394.36365    
691.0000      	14471.7800    	1479.63635    
691.5000      	14461.3160    	1444.18176    
692.0000      	14450.8671    	1482.18176    
692.5000      	14440.4332    	1633.27271    
693.0000      	14430.0144    	1509.27271    
693.5000      	14419.6107    	1463.72729    
694.0000      	14409.2219    	1580.72729    
694.5000      	14398.8481    	1476.45459    
695.0000      	14388.4892    	1445.81824    
695.5000      	14378.1452    	1458.09094    
696.0000      	14367.8161    	1388.00000    
696.5000      	14357.5018    	1513.72729    
697.0000      	14347.2023    	1455.90906    
697.5000      	14336.9176    	1475.72729    
698.0000      	14326.6476    	1547.00000    
698.5000      	14316.3923    	1498.63635    
699.0000      	14306.1516    	1497.63635    
699.5000      	14295.9257    	1494.27271    
700.0000      	14285.7143    	1475.36365    
700.5000      	14275.5175    	1493.09094    
701.0000      	14265.3352    	1595.18176    
701.5000      	14255.1675    	1444.09094    
702.0000      	14245.0142    	1487.36365    
702.5000      	14234.8754    	1466.00000    
703.0000      	14224.7511    	1435.00000    
703.5000      	14214.6411    	1408.18176    
704.0000      	14204.5455    	1345.27271    
704.5000      	14194.4642    	1492.81824    
705.0000      	14184.3972    	1502.36365    
705.5000      	14174.3444    	1493.90906    
706.0000      	14164.3059    	1533.45459    
706.5000      	14154.2817    	1531.81824    
707.0000      	14144.2716    	1505.36365    
707.5000      	14134.2756    	1466.45459    
708.0000      	14124.2938    	1439.09094    
708.5000      	14114.3260    	1435.09094    
709.0000      	14104.3724    	1522.90906    
709.5000      	14094.4327    	1595.63635    
710.0000      	14084.5070    	1466.00000    
710.5000      	14074.5954    	1472.72729    
711.0000      	14064.6976    	1532.72729    
711.5000      	14054.8138    	1550.18176    
712.0000      	14044.9438    	1493.45459    
712.5000      	14035.0877    	1507.09094    
713.0000      	14025.2454    	1471.18176    
713.5000      	14015.4170    	1575.18176    
714.0000      	14005.6022    	1507.00000    
714.5000      	13995.8013    	1585.90906    
715.0000      	13986.0140    	1430.18176    
715.5000      	13976.2404    	1486.00000    
716.0000      	13966.4804    	1484.18176    
716.5000      	13956.7341    	1505.90906    
717.0000      	13947.0014    	1491.09094    
717.5000      	13937.2822    	1453.72729    
718.0000      	13927.5766    	1491.54541    
718.5000      	13917.8845    	1500.63635    
719.0000      	13908.2058    	1461.00000    
719.5000      	13898.5407    	1470.45459    
720.0000      	13888.8889    	1531.81824    
720.5000      	13879.2505    	1478.81824    
721.0000      	13869.6255    	1471.45459    
721.5000      	13860.0139    	1481.45459    
722.0000      	13850.4155    	1497.72729    
722.5000      	13840.8304    	1352.27271    
723.0000      	13831.2586    	1419.00000    
723.5000      	13821.7001    	1390.45459    
724.0000      	13812.1547    	1402.45459    
724.5000      	13802.6225    	1390.54541    
725.0000      	13793.1034    	1454.27271    
725.5000      	13783.5975    	1455.36365    
726.0000      	13774.1047    	1433.00000    
726.5000      	13764.6249    	1491.63635    
727.0000      	13755.1582    	1430.00000    
727.5000      	13745.7045    	1440.36365    
728.0000      	13736.2637    	1495.90906    
728.5000      	13726.8360    	1451.00000    
729.0000      	13717.4211    	1500.18176    
729.5000      	13708.0192    	1476.54541    
730.0000      	13698.6301    	1495.63635    
730.5000      	13689.2539    	1471.90906    
731.0000      	13679.8906    	1517.54541    
731.5000      	13670.5400    	1486.72729    
732.0000      	13661.2022    	1480.36365    
732.5000      	13651.8771    	1531.54541    
733.0000      	13642.5648    	1449.54541    
733.5000      	13633.2652    	1545.72729    
734.0000      	13623.9782    	1534.54541    
734.5000      	13614.7039    	1445.09094    
735.0000      	13605.4422    	1502.81824    
735.5000      	13596.1931    	1441.09094    
736.0000      	13586.9565    	1489.63635    
736.5000      	13577.7325    	1530.45459    
737.0000      	13568.5210    	1514.27271    
737.5000      	13559.3220    	1480.36365    
738.0000      	13550.1355    	1477.90906    
738.5000      	13540.9614    	1430.09094    
739.0000      	13531.7997    	1395.45459    
739.5000      	13522.6504    	1435.45459    
740.0000      	13513.5135    	1455.36365    
740.5000      	13504.3889    	1385.81824    
741.0000      	13495.2767    	1448.81824    
741.5000      	13486.1767    	1552.27271    
742.0000      	13477.0889    	1582.72729    
742.5000      	13468.0135    	1431.63635    
743.0000      	13458.9502    	1440.81824    
743.5000      	13449.8991    	1465.09094    
744.0000      	13440.8602    	1451.45459    
744.5000      	13431.8334    	1501.36365    
745.0000      	13422.8188    	1463.09094    
745.5000      	13413.8162    	1400.45459    
746.0000      	13404.8257    	1400.27271    
746.5000      	13395.8473    	1484.36365    
747.0000      	13386.8809    	1414.36365    
747.5000      	13377.9264    	1508.09094    
748.0000      	13368.9840    	1426.54541    
748.5000      	13360.0534    	1467.63635    
749.0000      	13351.1348    	1434.00000    
749.5000      	13342.2282    	1428.00000    
750.0000      	13333.3333    	1417.72729    
750.5000      	13324.4504    	1467.63635    
751.0000      	13315.5792    	1495.18176    
751.5000      	13306.7199    	1543.45459    
752.0000      	13297.8723    	1561.81824    
752.5000      	13289.0365    	1590.36365    
753.0000      	13280.2125    	1617.09094    
753.5000      	13271.4001    	1517.81824    
754.0000      	13262.5995    	1467.72729    
754.5000      	13253.8105    	1522.00000    
755.0000      	13245.0331    	1487.90906    
755.5000      	13236.2674    	1490.27271    
756.0000      	13227.5132    	1497.72729    
756.5000      	13218.7707    	1517.36365    
757.0000      	13210.0396    	1472.27271    
757.5000      	13201.3201    	1456.90906    
758.0000      	13192.6121    	1491.72729    
758.5000      	13183.9156    	1515.27271    
759.0000      	13175.2306    	1566.09094    
759.5000      	13166.5569    	1432.90906    
760.0000      	13157.8947    	1471.90906    
760.5000      	13149.2439    	1543.18176    
761.0000      	13140.6045    	1406.36365    
761.5000      	13131.9764    	1547.36365    
762.0000      	13123.3596    	1502.36365    
762.5000      	13114.7541    	1471.27271    
763.0000      	13106.1599    	1464.90906    
763.5000      	13097.5769    	1484.36365    
764.0000      	13089.0052    	1476.36365    
764.5000      	13080.4447    	1405.81824    
765.0000      	13071.8954    	1430.81824    
765.5000      	13063.3573    	1483.45459    
766.0000      	13054.8303    	1508.90906    
766.5000      	13046.3144    	1524.45459    
767.0000      	13037.8096    	1475.90906    
767.5000      	13029.3160    	1374.27271    
768.0000      	13020.8333    	1476.27271    
768.5000      	13012.3617    	1568.00000    
769.0000      	13003.9012    	1511.36365    
769.5000      	12995.4516    	1512.45459    
770.0000      	12987.0130    	1491.54541    
770.5000      	12978.5853    	1440.36365    
771.0000      	12970.1686    	1511.36365    
771.5000      	12961.7628    	1608.90906    
772.0000      	12953.3679    	1471.00000    
772.5000      	12944.9838    	1440.45459    
773.0000      	12936.6106    	1504.72729    
773.5000      	12928.2482    	1498.63635    
774.0000      	12919.8966    	1516.18176    
774.5000      	12911.5558    	1461.90906    
775.0000      	12903.2258    	1485.27271    
775.5000      	12894.9065    	1486.36365    
776.0000      	12886.5979    	1460.54541    
776.5000      	12878.3001    	1460.27271    
777.0000      	12870.0129    	1475.18176    
777.5000      	12861.7363    	1410.18176    
778.0000      	12853.4704    	1440.90906    
778.5000      	12845.2152    	1561.54541    
779.0000      	12836.9705    	1500.63635    
779.5000      	12828.7364    	1535.45459    
780.0000      	12820.5128    	1449.45459    
780.5000      	12812.2998    	1428.09094    
781.0000      	12804.0973    	1462.00000    
781.5000      	12795.9053    	1514.81824    
782.0000      	12787.7238    	1505.90906    
782.5000      	12779.5527    	1444.63635    
783.0000      	12771.3921    	1419.90906    
783.5000      	12763.2419    	1466.90906    
784.0000      	12755.1020    	1433.36365    
784.5000      	12746.9726    	1549.54541    
785.0000      	12738.8535    	1462.45459    
785.5000      	12730.7447    	1439.90906    
786.0000      	12722.6463    	1446.45459    
786.5000      	12714.5582    	1449.18176    
787.0000      	12706.4803    	1518.90906    
787.5000      	12698.4127    	1485.90906    
788.0000      	12690.3553    	1579.18176    
788.5000      	12682.3082    	1471.09094    
789.0000      	12674.2712    	1500.36365    
789.5000      	12666.2445    	1485.36365    
790.0000      	12658.2278    	1456.54541    
790.5000      	12650.2214    	1479.27271    
791.0000      	12642.2250    	1428.45459    
791.5000      	12634.2388    	1443.63635    
792.0000      	12626.2626    	1518.90906    
792.5000      	12618.2965    	1495.00000    
793.0000      	12610.3405    	1453.00000    
793.5000      	12602.3945    	1424.81824    
794.0000      	12594.4584    	1501.90906    
794.5000      	12586.5324    	1510.72729    
795.0000      	12578.6164    	1504.72729    
795.5000      	12570.7102    	1508.00000    
796.0000      	12562.8141    	1452.45459    
796.5000      	12554.9278    	1435.18176    
797.0000      	12547.0514    	1502.90906    
797.5000      	12539.1850    	1475.27271    
798.0000      	12531.3283    	1467.54541    
798.5000      	12523.4815    	1428.63635    
799.0000      	12515.6446    	1410.09094    
799.5000      	12507.8174    	1497.36365    
800.0000      	12500.0000    	1556.18176    
