350.0000      	28571.4286    	1571.81824    
350.5000      	28530.6705    	1527.54541    
351.0000      	28490.0285    	1562.27271    
351.5000      	28449.5021    	1575.63635    
352.0000      	28409.0909    	1544.09094    
352.5000      	28368.7943    	1509.81824    
353.0000      	28328.6119    	1510.09094    
353.5000      	28288.5431    	1568.09094    
354.0000      	28248.5876    	1456.63635    
354.5000      	28208.7447    	1469.81824    
355.0000      	28169.0141    	1512.36365    
355.5000      	28129.3952    	1539.72729    
356.0000      	28089.8876    	1412.72729    
356.5000      	28050.4909    	1504.45459    
357.0000      	28011.2045    	1457.27271    
357.5000      	27972.0280    	1498.00000    
358.0000      	27932.9609    	1482.81824    
358.5000      	27894.0028    	1652.63635    
359.0000      	27855.1532    	1498.00000    
359.5000      	27816.4117    	1543.81824    
360.0000      	27777.7778    	1489.45459    
360.5000      	27739.2510    	1514.00000    
361.0000      	27700.8310    	1498.45459    
361.5000      	27662.5173    	1588.00000    
362.0000      	27624.3094    	1536.63635    
362.5000      	27586.2069    	1566.54541    
363.0000      	27548.2094    	1581.09094    
363.5000      	27510.3164    	1472.90906    
364.0000      	27472.5275    	1377.27271    
364.5000      	27434.8422    	1448.45459    
365.0000      	27397.2603    	1504.54541    
365.5000      	27359.7811    	1543.90906    
366.0000      	27322.4044    	1554.00000    
366.5000      	27285.1296    	1513.45459    
367.0000      	27247.9564    	1517.72729    
367.5000      	27210.8844    	1621.81824    
368.0000      	27173.9130    	1518.09094    
368.5000      	27137.0421    	1611.54541    
369.0000      	27100.2710    	1509.63635    
369.5000      	27063.5995    	1489.45459    
370.0000      	27027.0270    	1599.45459    
370.5000      	26990.5533    	1444.09094    
371.0000      	26954.1779    	1534.81824    
371.5000      	26917.9004    	1479.81824    
372.0000      	26881.7204    	1492.45459    
372.5000      	26845.6376    	1558.00000    
373.0000      	26809.6515    	1483.81824    
373.5000      	26773.7617    	1535.00000    
374.0000      	26737.9679    	1628.45459    
374.5000      	26702.2697    	1521.72729    
375.0000      	26666.6667    	1459.36365    
375.5000      	26631.1585    	1519.45459    
376.0000      	26595.7447    	1524.45459    
376.5000      	26560.4250    	1469.54541    
377.0000      	26525.1989    	1516.45459    
377.5000      	26490.0662    	1549.00000    
378.0000      	26455.0265    	1508.09094    
378.5000      	26420.0793    	1512.72729    
379.0000      	26385.2243    	1510.18176    
379.5000      	26350.4611    	1525.81824    
380.0000      	26315.7895    	1501.09094    
380.5000      	26281.2089    	1495.18176    
381.0000      	26246.7192    	1510.36365    
381.5000      	26212.3198    	1449.90906    
382.0000      	26178.0105    	1504.36365    
382.5000      	26143.7908    	1579.72729    
383.0000      	26109.6606    	1570.45459    
383.5000      	26075.6193    	1466.90906    
384.0000      	26041.6667    	1618.27271    
384.5000      	26007.8023    	1487.81824    
385.0000      	25974.0260    	1491.81824    
385.5000      	25940.3372    	1470.63635    
386.0000      	25906.7358    	1450.90906    
386.5000      	25873.2212    	1496.81824    
387.0000      	25839.7933    	1516.00000    
387.5000      	25806.4516    	1465.00000    
388.0000      	25773.1959    	1537.36365    
388.5000      	25740.0257    	1524.90906    
389.0000      	25706.9409    	1498.00000    
389.5000      	25673.9409    	1529.63635    
390.0000      	25641.0256    	1507.09094    
390.5000      	25608.1946    	1466.81824    
391.0000      	25575.4476    	1511.18176    
391.5000      	25542.7842    	1589.00000    
392.0000      	25510.2041    	1462.81824    
392.5000      	25477.7070    	1468.81824    
393.0000      	25445.2926    	1549.90906    
393.5000      	25412.9606    	1480.81824    
394.0000      	25380.7107    	1612.81824    
394.5000      	25348.5425    	1482.63635    
395.0000      	25316.4557    	1530.63635    
395.5000      	25284.4501    	1514.90906    
396.0000      	25252.5253    	1625.18176    
396.5000      	25220.6810    	1540.90906    
397.0000      	25188.9169    	1567.54541    
397.5000      	25157.2327    	1547.72729    
398.0000      	25125.6281    	1523.45459    
398.5000      	25094.1029    	1473.63635    
399.0000      	25062.6566    	1526.18176    
399.5000      	25031.2891    	1603.90906    
400.0000      	25000.0000    	1574.63635    
400.5000      	24968.7890    	1488.72729    
401.0000      	24937.6559    	1513.90906    
401.5000      	24906.6002    	1545.00000    
402.0000      	24875.6219    	1614.09094    
402.5000      	24844.7205    	1546.90906    
403.0000      	24813.8958    	1416.63635    
403.5000      	24783.1475    	1505.72729    
404.0000      	24752.4752    	1526.00000    
404.5000      	24721.8789    	1600.72729    
405.0000      	24691.3580    	1532.72729    
405.5000      	24660.9125    	1500.54541    
406.0000      	24630.5419    	1492.90906    
406.5000      	24600.2460    	1491.36365    
407.0000      	24570.0246    	1538.45459    
407.5000      	24539.8773    	1480.81824    
408.0000      	24509.8039    	1455.36365    
408.5000      	24479.8042    	1470.45459    
409.0000      	24449.8778    	1441.90906    
409.5000      	24420.0244    	1521.36365    
410.0000      	24390.2439    	1524.72729    
410.5000      	24360.5359    	1618.09094    
411.0000      	24330.9002    	1557.09094    
411.5000      	24301.3366    	1549.09094    
412.0000      	24271.8447    	1586.63635    
412.5000      	24242.4242    	1477.18176    
413.0000      	24213.0751    	1540.90906    
413.5000      	24183.7969    	1535.63635    
414.0000      	24154.5894    	1482.18176    
414.5000      	24125.4524    	1466.63635    
415.0000      	24096.3855    	1436.00000    
415.5000      	24067.3887    	1499.18176    
416.0000      	24038.4615    	1539.90906    
416.5000      	24009.6038    	1541.81824    
417.0000      	23980.8153    	1499.18176    
417.5000      	23952.0958    	1472.63635    
418.0000      	23923.4450    	1554.72729    
418.5000      	23894.8626    	1515.81824    
419.0000      	23866.3484    	1510.00000    
419.5000      	23837.9023    	1457.63635    
420.0000      	23809.5238    	1512.72729    
420.5000      	23781.2128    	1562.90906    
421.0000      	23752.9691    	1488.36365    
421.5000      	23724.7924    	1463.00000    
422.0000      	23696.6825    	1540.09094    
422.5000      	23668.6391    	1524.27271    
423.0000      	23640.6619    	1543.00000    
423.5000      	23612.7509    	1466.63635    
424.0000      	23584.9057    	1506.09094    
424.5000      	23557.1260    	1555.27271    
425.0000      	23529.4118    	1430.90906    
425.5000      	23501.7626    	1485.27271    
426.0000      	23474.1784    	1485.00000    
426.5000      	23446.6589    	1519.27271    
427.0000      	23419.2037    	1480.36365    
427.5000      	23391.8129    	1489.18176    
428.0000      	23364.4860    	1452.72729    
428.5000      	23337.2229    	1484.63635    
429.0000      	23310.0233    	1605.54541    
429.5000      	23282.8871    	1530.54541    
430.0000      	23255.8140    	1485.00000    
430.5000      	23228.8037    	1506.00000    
431.0000      	23201.8561    	1580.36365    
431.5000      	23174.9710    	1458.81824    
432.0000      	23148.1481    	1441.00000    
432.5000      	23121.3873    	1480.36365    
433.0000      	23094.6882    	1394.63635    
433.5000      	23068.0507    	1472.54541    
434.0000      	23041.4747    	1585.72729    
434.5000      	23014.9597    	1451.81824    
435.0000      	22988.5057    	1488.63635    
435.5000      	22962.1125    	1569.63635    
436.0000      	22935.7798    	1526.00000    
436.5000      	22909.5074    	1450.27271    
437.0000      	22883.2952    	1457.00000    
437.5000      	22857.1429    	1488.00000    
438.0000      	22831.0502    	1446.45459    
438.5000      	22805.0171    	1402.00000    
439.0000      	22779.0433    	1405.18176    
439.5000      	22753.1286    	1381.90906    
440.0000      	22727.2727    	1658.45459    
440.5000      	22701.4756    	1544.36365    
441.0000      	22675.7370    	1639.09094    
441.5000      	22650.0566    	1447.63635    
442.0000      	22624.4344    	1447.09094    
442.5000      	22598.8701    	1606.54541    
443.0000      	22573.3634    	1545.81824    
443.5000      	22547.9143    	1521.18176    
444.0000      	22522.5225    	1531.09094    
444.5000      	22497.1879    	1529.72729    
445.0000      	22471.9101    	1553.27271    
445.5000      	22446.6891    	1387.63635    
446.0000      	22421.5247    	1440.72729    
446.5000      	22396.4166    	1522.90906    
447.0000      	22371.3647    	1458.81824    
447.5000      	22346.3687    	1511.63635    
448.0000      	22321.4286    	1497.81824    
448.5000      	22296.5440    	1454.09094    
449.0000      	22271.7149    	1506.36365    
449.5000      	22246.9410    	1617.00000    
450.0000      	22222.2222    	1489.00000    
450.5000      	22197.5583    	1563.81824    
451.0000      	22172.9490    	1560.81824    
451.5000      	22148.3942    	1530.54541    
452.0000      	22123.8938    	1476.63635    
452.5000      	22099.4475    	1458.81824    
453.0000      	22075.0552    	1484.63635    
453.5000      	22050.7166    	1472.45459    
454.0000      	22026.4317    	1431.45459    
454.5000      	22002.2002    	1439.45459    
455.0000      	21978.0220    	1487.27271    
455.5000      	21953.8968    	1506.45459    
456.0000      	21929.8246    	1494.90906    
456.5000      	21905.8050    	1525.09094    
457.0000      	21881.8381    	1562.36365    
457.5000      	21857.9235    	1546.63635    
458.0000      	21834.0611    	1495.09094    
458.5000      	21810.2508    	1456.45459    
459.0000      	21786.4924    	1601.45459    
459.5000      	21762.7856    	1482.18176    
460.0000      	21739.1304    	1573.00000    
460.5000      	21715.5266    	1508.72729    
461.0000      	21691.9740    	1526.36365    
461.5000      	21668.4724    	1583.90906    
462.0000      	21645.0216    	1547.27271    
462.5000      	21621.6216    	1424.63635    
463.0000      	21598.2721    	1483.72729    
463.5000      	21574.9730    	1470.81824    
464.0000      	21551.7241    	1456.90906    
464.5000      	21528.5253    	1501.09094    
465.0000      	21505.3763    	1599.72729    
465.5000      	21482.2771    	1462.54541    
466.0000      	21459.2275    	1726.09094    
466.5000      	21436.2272    	1426.45459    
467.0000      	21413.2762    	1480.00000    
467.5000      	21390.3743    	1559.27271    
468.0000      	21367.5214    	1488.72729    
468.5000      	21344.7172    	1458.00000    
469.0000      	21321.9616    	1601.18176    
469.5000      	21299.2545    	1510.54541    
470.0000      	21276.5957    	1472.27271    
470.5000      	21253.9851    	1554.54541    
471.0000      	21231.4225    	1543.00000    
471.5000      	21208.9077    	1436.36365    
472.0000      	21186.4407    	1409.36365    
472.5000      	21164.0212    	1458.27271    
473.0000      	21141.6490    	1495.00000    
473.5000      	21119.3242    	1460.54541    
474.0000      	21097.0464    	1549.18176    
474.5000      	21074.8156    	1504.36365    
475.0000      	21052.6316    	1410.45459    
475.5000      	21030.4942    	1499.00000    
476.0000      	21008.4034    	1443.09094    
476.5000      	20986.3589    	1460.00000    
477.0000      	20964.3606    	1504.54541    
477.5000      	20942.4084    	1537.63635    
478.0000      	20920.5021    	1570.45459    
478.5000      	20898.6416    	1512.45459    
479.0000      	20876.8267    	1474.27271    
479.5000      	20855.0574    	1478.27271    
480.0000      	20833.3333    	1479.45459    
480.5000      	20811.6545    	1496.54541    
481.0000      	20790.0208    	1508.00000    
481.5000      	20768.4320    	1443.00000    
482.0000      	20746.8880    	1470.54541    
482.5000      	20725.3886    	1558.54541    
483.0000      	20703.9337    	1484.54541    
483.5000      	20682.5233    	1525.09094    
484.0000      	20661.1570    	1516.54541    
484.5000      	20639.8349    	1480.45459    
485.0000      	20618.5567    	1484.54541    
485.5000      	20597.3223    	1557.09094    
486.0000      	20576.1317    	1548.27271    
486.5000      	20554.9846    	1394.36365    
487.0000      	20533.8809    	1474.90906    
487.5000      	20512.8205    	1483.81824    
488.0000      	20491.8033    	1603.90906    
488.5000      	20470.8291    	1439.45459    
489.0000      	20449.8978    	1422.72729    
489.5000      	20429.0092    	1550.09094    
490.0000      	20408.1633    	1531.45459    
490.5000      	20387.3598    	1510.54541    
491.0000      	20366.5988    	1479.09094    
491.5000      	20345.8800    	1571.00000    
492.0000      	20325.2033    	1484.00000    
492.5000      	20304.5685    	1483.27271    
493.0000      	20283.9757    	1589.54541    
493.5000      	20263.4245    	1434.18176    
494.0000      	20242.9150    	1481.27271    
494.5000      	20222.4469    	1513.54541    
495.0000      	20202.0202    	1510.72729    
495.5000      	20181.6347    	1437.81824    
496.0000      	20161.2903    	1522.27271    
496.5000      	20140.9869    	1511.18176    
497.0000      	20120.7243    	1478.18176    
497.5000      	20100.5025    	1580.18176    
498.0000      	20080.3213    	1438.27271    
498.5000      	20060.1805    	1444.90906    
499.0000      	20040.0802    	1618.45459    
499.5000      	20020.0200    	1519.90906    
500.0000      	20000.0000    	1429.54541    
500.5000      	19980.0200    	1459.72729    
501.0000      	19960.0798    	1518.90906    
501.5000      	19940.1795    	1466.00000    
502.0000      	19920.3187    	1506.81824    
502.5000      	19900.4975    	1434.18176    
503.0000      	19880.7157    	1376.90906    
503.5000      	19860.9732    	1487.27271    
504.0000      	19841.2698    	1464.36365    
504.5000      	19821.6056    	1563.27271    
505.0000      	19801.9802    	1505.45459    
505.5000      	19782.3937    	1452.63635    
506.0000      	19762.8458    	1463.45459    
506.5000      	19743.3366    	1410.90906    
507.0000      	19723.8659    	1473.54541    
507.5000      	19704.4335    	1527.81824    
508.0000      	19685.0394    	1564.90906    
508.5000      	19665.6834    	1423.27271    
509.0000      	19646.3654    	1477.72729    
509.5000      	19627.0854    	1581.09094    
510.0000      	19607.8431    	1636.36365    
510.5000      	19588.6386    	1495.18176    
511.0000      	19569.4716    	1459.27271    
511.5000      	19550.3421    	1545.00000    
512.0000      	19531.2500    	1569.45459    
512.5000      	19512.1951    	1427.90906    
513.0000      	19493.1774    	1433.09094    
513.5000      	19474.1967    	1453.72729    
514.0000      	19455.2529    	1487.36365    
514.5000      	19436.3460    	1425.09094    
515.0000      	19417.4757    	1412.36365    
515.5000      	19398.6421    	1504.27271    
516.0000      	19379.8450    	1437.18176    
516.5000      	19361.0842    	1470.81824    
517.0000      	19342.3598    	1434.72729    
517.5000      	19323.6715    	1492.63635    
518.0000      	19305.0193    	1433.81824    
518.5000      	19286.4031    	1399.81824    
519.0000      	19267.8227    	1390.36365    
519.5000      	19249.2782    	1447.36365    
520.0000      	19230.7692    	1461.09094    
520.5000      	19212.2959    	1465.90906    
521.0000      	19193.8580    	1486.90906    
521.5000      	19175.4554    	1432.27271    
522.0000      	19157.0881    	1474.00000    
522.5000      	19138.7560    	1491.18176    
523.0000      	19120.4589    	1499.18176    
523.5000      	19102.1968    	1438.45459    
524.0000      	19083.9695    	1468.81824    
524.5000      	19065.7769    	1470.81824    
525.0000      	19047.6190    	1531.27271    
525.5000      	19029.4957    	1415.54541    
526.0000      	19011.4068    	1408.27271    
526.5000      	18993.3523    	1562.00000    
527.0000      	18975.3321    	1440.72729    
527.5000      	18957.3460    	1354.36365    
528.0000      	18939.3939    	1480.18176    
528.5000      	18921.4759    	1540.09094    
529.0000      	18903.5917    	1465.27271    
529.5000      	18885.7413    	1464.45459    
530.0000      	18867.9245    	1436.27271    
530.5000      	18850.1414    	1391.54541    
531.0000      	18832.3917    	1482.63635    
531.5000      	18814.6754    	1490.00000    
532.0000      	18796.9925    	1523.54541    
532.5000      	18779.3427    	1471.90906    
533.0000      	18761.7261    	1450.72729    
533.5000      	18744.1425    	1422.00000    
534.0000      	18726.5918    	1478.36365    
534.5000      	18709.0739    	1410.54541    
535.0000      	18691.5888    	1551.36365    
535.5000      	18674.1363    	1441.90906    
536.0000      	18656.7164    	1509.36365    
536.5000      	18639.3290    	1447.09094    
537.0000      	18621.9739    	1475.00000    
537.5000      	18604.6512    	1465.54541    
538.0000      	18587.3606    	1472.63635    
538.5000      	18570.1021    	1450.36365    
539.0000      	18552.8757    	1446.09094    
539.5000      	18535.6812    	1493.18176    
540.0000      	18518.5185    	1415.81824    
540.5000      	18501.3876    	1446.54541    
541.0000      	18484.2884    	1502.27271    
541.5000      	18467.2207    	1445.27271    
542.0000      	18450.1845    	1489.63635    
542.5000      	18433.1797    	1402.36365    
543.0000      	18416.2063    	1493.18176    
543.5000      	18399.2640    	1508.00000    
544.0000      	18382.3529    	1454.18176    
544.5000      	18365.4729    	1419.45459    
545.0000      	18348.6239    	1519.45459    
545.5000      	18331.8057    	1478.09094    
546.0000      	18315.0183    	1541.90906    
546.5000      	18298.2617    	1466.45459    
547.0000      	18281.5356    	1466.45459    
547.5000      	18264.8402    	1489.36365    
548.0000      	18248.1752    	1492.72729    
548.5000      	18231.5406    	1424.36365    
549.0000      	18214.9362    	1500.18176    
549.5000      	18198.3621    	1531.18176    
550.0000      	18181.8182    	1470.63635    
550.5000      	18165.3043    	1489.81824    
551.0000      	18148.8203    	1401.45459    
551.5000      	18132.3663    	1466.81824    
552.0000      	18115.9420    	1463.45459    
552.5000      	18099.5475    	1466.72729    
553.0000      	18083.1826    	1412.00000    
553.5000      	18066.8473    	1597.00000    
554.0000      	18050.5415    	1517.36365    
554.5000      	18034.2651    	1491.54541    
555.0000      	18018.0180    	1434.90906    
555.5000      	18001.8002    	1468.54541    
556.0000      	17985.6115    	1416.90906    
556.5000      	17969.4519    	1430.18176    
557.0000      	17953.3214    	1453.81824    
557.5000      	17937.2197    	1469.72729    
558.0000      	17921.1470    	1502.18176    
558.5000      	17905.1030    	1488.72729    
559.0000      	17889.0877    	1499.45459    
559.5000      	17873.1010    	1616.72729    
560.0000      	17857.1429    	1546.45459    
560.5000      	17841.2132    	1485.27271    
561.0000      	17825.3119    	1559.09094    
561.5000      	17809.4390    	1454.54541    
562.0000      	17793.5943    	1557.09094    
562.5000      	17777.7778    	1572.81824    
563.0000      	17761.9893    	1529.63635    
563.5000      	17746.2289    	1464.00000    
564.0000      	17730.4965    	1584.72729    
564.5000      	17714.7919    	1593.90906    
565.0000      	17699.1150    	1513.81824    
565.5000      	17683.4660    	1506.45459    
566.0000      	17667.8445    	1627.00000    
566.5000      	17652.2507    	1520.45459    
567.0000      	17636.6843    	1532.00000    
567.5000      	17621.1454    	1564.72729    
568.0000      	17605.6338    	1609.09094    
568.5000      	17590.1495    	1583.00000    
569.0000      	17574.6924    	1648.27271    
569.5000      	17559.2625    	1649.90906    
570.0000      	17543.8596    	1655.18176    
570.5000      	17528.4838    	1651.18176    
571.0000      	17513.1349    	1732.45459    
571.5000      	17497.8128    	1807.54541    
572.0000      	17482.5175    	1727.27271    
572.5000      	17467.2489    	1880.36365    
573.0000      	17452.0070    	1746.63635    
573.5000      	17436.7916    	1862.63635    
574.0000      	17421.6028    	1807.90906    
574.5000      	17406.4404    	1826.90906    
575.0000      	17391.3043    	1833.72729    
575.5000      	17376.1946    	1827.81824    
576.0000      	17361.1111    	1838.54541    
576.5000      	17346.0538    	1801.27271    
577.0000      	17331.0225    	1833.27271    
577.5000      	17316.0173    	1771.72729    
578.0000      	17301.0381    	1822.18176    
578.5000      	17286.0847    	1792.00000    
579.0000      	17271.1572    	1814.45459    
579.5000      	17256.2554    	1787.18176    
580.0000      	17241.3793    	2034.09094    
580.5000      	17226.5289    	1851.36365    
581.0000      	17211.7040    	1811.00000    
581.5000      	17196.9046    	1700.63635    
582.0000      	17182.1306    	1772.81824    
582.5000      	17167.3820    	1801.63635    
583.0000      	17152.6587    	1745.45459    
583.5000      	17137.9606    	1806.54541    
584.0000      	17123.2877    	1697.90906    
584.5000      	17108.6399    	1664.81824    
585.0000      	17094.0171    	1691.90906    
585.5000      	17079.4193    	1648.00000    
586.0000      	17064.8464    	1707.45459    
586.5000      	17050.2984    	1710.90906    
587.0000      	17035.7751    	1728.90906    
587.5000      	17021.2766    	1705.00000    
588.0000      	17006.8027    	1774.90906    
588.5000      	16992.3534    	1788.72729    
589.0000      	16977.9287    	1828.63635    
589.5000      	16963.5284    	1817.36365    
590.0000      	16949.1525    	1910.72729    
590.5000      	16934.8010    	1837.18176    
591.0000      	16920.4738    	1807.18176    
591.5000      	16906.1708    	1892.36365    
592.0000      	16891.8919    	1810.63635    
592.5000      	16877.6371    	1896.00000    
593.0000      	16863.4064    	1836.36365    
593.5000      	16849.1997    	1879.18176    
594.0000      	16835.0168    	1827.09094    
594.5000      	16820.8579    	2077.63647    
595.0000      	16806.7227    	1977.54541    
595.5000      	16792.6113    	1943.63635    
596.0000      	16778.5235    	2117.27271    
596.5000      	16764.4593    	2052.45459    
597.0000      	16750.4188    	2002.00000    
597.5000      	16736.4017    	2041.81824    
598.0000      	16722.4080    	2194.63647    
598.5000      	16708.4378    	2181.81812    
599.0000      	16694.4908    	2230.63647    
599.5000      	16680.5671    	2208.72729    
600.0000      	16666.6667    	2277.45459    
600.5000      	16652.7893    	2303.27271    
601.0000      	16638.9351    	2391.81812    
601.5000      	16625.1039    	2321.45459    
602.0000      	16611.2957    	2359.00000    
602.5000      	16597.5104    	2382.27271    
603.0000      	16583.7479    	2411.63647    
603.5000      	16570.0083    	2450.27271    
604.0000      	16556.2914    	2531.45459    
604.5000      	16542.5972    	2714.63647    
605.0000      	16528.9256    	2753.00000    
605.5000      	16515.2766    	2694.18188    
606.0000      	16501.6502    	2735.81812    
606.5000      	16488.0462    	2841.63647    
607.0000      	16474.4646    	2848.27271    
607.5000      	16460.9053    	3036.63647    
608.0000      	16447.3684    	3137.81812    
608.5000      	16433.8537    	3116.09082    
609.0000      	16420.3612    	3250.63647    
609.5000      	16406.8909    	3247.09082    
610.0000      	16393.4426    	3425.45459    
610.5000      	16380.0164    	3620.36353    
611.0000      	16366.6121    	3539.81812    
611.5000      	16353.2298    	3664.36353    
612.0000      	16339.8693    	3829.27271    
612.5000      	16326.5306    	4098.00000    
613.0000      	16313.2137    	4193.90918    
613.5000      	16299.9185    	4422.72705    
614.0000      	16286.6450    	4523.54541    
614.5000      	16273.3930    	4808.09082    
615.0000      	16260.1626    	5006.81836    
615.5000      	16246.9537    	5140.63623    
616.0000      	16233.7662    	5464.18164    
616.5000      	16220.6002    	5689.81836    
617.0000      	16207.4554    	6025.27295    
617.5000      	16194.3320    	6136.90918    
618.0000      	16181.2298    	6357.81836    
618.5000      	16168.1487    	6773.18164    
619.0000      	16155.0889    	7065.81836    
619.5000      	16142.0500    	7156.27295    
620.0000      	16129.0323    	7482.90918    
620.5000      	16116.0355    	7809.09082    
621.0000      	16103.0596    	7976.72705    
621.5000      	16090.1046    	8202.90918    
622.0000      	16077.1704    	8383.81836    
622.5000      	16064.2570    	8807.54590    
623.0000      	16051.3644    	9096.45410    
623.5000      	16038.4924    	9413.27246    
624.0000      	16025.6410    	9675.54590    
624.5000      	16012.8102    	10268.09082   
625.0000      	16000.0000    	10646.54590   
625.5000      	15987.2102    	11227.63672   
626.0000      	15974.4409    	11601.90918   
626.5000      	15961.6919    	12290.90918   
627.0000      	15948.9633    	13256.81836   
627.5000      	15936.2550    	14303.45410   
628.0000      	15923.5669    	14832.81836   
628.5000      	15910.8990    	15928.09082   
629.0000      	15898.2512    	17433.81836   
629.5000      	15885.6235    	18855.54492   
630.0000      	15873.0159    	19668.90820   
630.5000      	15860.4282    	21475.90820   
631.0000      	15847.8605    	23305.90820   
631.5000      	15835.3127    	25179.72656   
632.0000      	15822.7848    	26152.36328   
632.5000      	15810.2767    	28214.18164   
633.0000      	15797.7883    	30524.54492   
633.5000      	15785.3197    	32504.72656   
634.0000      	15772.8707    	33806.00000   
634.5000      	15760.4413    	36057.08984   
635.0000      	15748.0315    	38492.27344   
635.5000      	15735.6412    	40348.27344   
636.0000      	15723.2704    	42519.54688   
636.5000      	15710.9191    	43280.00000   
637.0000      	15698.5871    	46324.91016   
637.5000      	15686.2745    	49267.36328   
638.0000      	15673.9812    	51193.72656   
638.5000      	15661.7071    	52195.91016   
639.0000      	15649.4523    	54083.91016   
639.5000      	15637.2166    	55411.45313   
640.0000      	15625.0000    	56415.91016   
640.5000      	15612.8025    	56659.00000   
641.0000      	15600.6240    	56834.45313   
641.5000      	15588.4645    	56288.27344   
642.0000      	15576.3240    	54831.27344   
642.5000      	15564.2023    	53625.45313   
643.0000      	15552.0995    	50351.91016   
643.5000      	15540.0155    	46726.00000   
644.0000      	15527.9503    	42876.36328   
644.5000      	15515.9038    	40803.45313   
645.0000      	15503.8760    	36385.08984   
645.5000      	15491.8668    	32158.90820   
646.0000      	15479.8762    	28204.81836   
646.5000      	15467.9041    	26554.72656   
647.0000      	15455.9505    	23280.27344   
647.5000      	15444.0154    	20645.09180   
648.0000      	15432.0988    	18310.45508   
648.5000      	15420.2005    	17309.63672   
649.0000      	15408.3205    	15404.27246   
649.5000      	15396.4588    	13956.54590   
650.0000      	15384.6154    	12568.18164   
650.5000      	15372.7902    	11972.36328   
651.0000      	15360.9831    	10872.27246   
651.5000      	15349.1942    	9740.36328    
652.0000      	15337.4233    	8964.90918    
652.5000      	15325.6705    	8475.63672    
653.0000      	15313.9357    	7676.90918    
653.5000      	15302.2188    	7049.36377    
654.0000      	15290.5199    	6391.54541    
654.5000      	15278.8388    	6043.00000    
655.0000      	15267.1756    	5483.09082    
655.5000      	15255.5301    	5112.72705    
656.0000      	15243.9024    	4665.09082    
656.5000      	15232.2925    	4420.72705    
657.0000      	15220.7002    	4019.90918    
657.5000      	15209.1255    	3861.00000    
658.0000      	15197.5684    	3415.90918    
658.5000      	15186.0289    	3257.54541    
659.0000      	15174.5068    	2947.63647    
659.5000      	15163.0023    	2861.09082    
660.0000      	15151.5152    	2566.81812    
660.5000      	15140.0454    	2523.18188    
661.0000      	15128.5930    	2460.27271    
661.5000      	15117.1580    	2353.72729    
662.0000      	15105.7402    	2191.27271    
662.5000      	15094.3396    	2200.18188    
663.0000      	15082.9563    	2059.27271    
663.5000      	15071.5901    	1979.81824    
664.0000      	15060.2410    	1883.90906    
664.5000      	15048.9090    	1823.27271    
665.0000      	15037.5940    	1845.54541    
665.5000      	15026.2960    	1809.54541    
666.0000      	15015.0150    	1761.00000    
666.5000      	15003.7509    	1709.63635    
667.0000      	14992.5037    	1692.90906    
667.5000      	14981.2734    	1737.72729    
668.0000      	14970.0599    	1684.54541    
668.5000      	14958.8631    	1606.90906    
669.0000      	14947.6831    	1591.72729    
669.5000      	14936.5198    	1567.36365    
670.0000      	14925.3731    	1570.36365    
670.5000      	14914.2431    	1610.72729    
671.0000      	14903.1297    	1631.09094    
671.5000      	14892.0328    	1558.18176    
672.0000      	14880.9524    	1544.81824    
672.5000      	14869.8885    	1533.54541    
673.0000      	14858.8410    	1540.45459    
673.5000      	14847.8099    	1518.72729    
674.0000      	14836.7953    	1552.45459    
674.5000      	14825.7969    	1666.81824    
675.0000      	14814.8148    	1592.27271    
675.5000      	14803.8490    	1524.00000    
676.0000      	14792.8994    	1534.63635    
676.5000      	14781.9660    	1558.18176    
677.0000      	14771.0487    	1606.72729    
677.5000      	14760.1476    	1507.63635    
678.0000      	14749.2625    	1527.36365    
678.5000      	14738.3935    	1533.63635    
679.0000      	14727.5405    	1654.18176    
679.5000      	14716.7035    	1529.54541    
680.0000      	14705.8824    	1499.72729    
680.5000      	14695.0771    	1454.45459    
681.0000      	14684.2878    	1458.63635    
681.5000      	14673.5143    	1528.36365    
682.0000      	14662.7566    	1517.63635    
682.5000      	14652.0147    	1558.00000    
683.0000      	14641.2884    	1477.36365    
683.5000      	14630.5779    	1491.63635    
684.0000      	14619.8830    	1461.63635    
684.5000      	14609.2038    	1512.72729    
685.0000      	14598.5401    	1529.18176    
685.5000      	14587.8920    	1395.18176    
686.0000      	14577.2595    	1463.90906    
686.5000      	14566.6424    	1425.09094    
687.0000      	14556.0408    	1433.18176    
687.5000      	14545.4545    	1399.09094    
688.0000      	14534.8837    	1537.09094    
688.5000      	14524.3282    	1629.54541    
689.0000      	14513.7881    	1428.90906    
689.5000      	14503.2632    	1430.81824    
690.0000      	14492.7536    	1582.00000    
690.5000      	14482.2592    	1454.00000    
691.0000      	14471.7800    	1509.54541    
691.5000      	14461.3160    	1482.36365    
692.0000      	14450.8671    	1469.36365    
692.5000      	14440.4332    	1660.90906    
693.0000      	14430.0144    	1545.54541    
693.5000      	14419.6107    	1474.09094    
694.0000      	14409.2219    	1588.54541    
694.5000      	14398.8481    	1476.90906    
695.0000      	14388.4892    	1484.27271    
695.5000      	14378.1452    	1467.09094    
696.0000      	14367.8161    	1425.00000    
696.5000      	14357.5018    	1526.72729    
697.0000      	14347.2023    	1477.72729    
697.5000      	14336.9176    	1482.90906    
698.0000      	14326.6476    	1550.63635    
698.5000      	14316.3923    	1538.36365    
699.0000      	14306.1516    	1510.54541    
699.5000      	14295.9257    	1496.00000    
700.0000      	14285.7143    	1494.27271    
700.5000      	14275.5175    	1533.90906    
701.0000      	14265.3352    	1621.45459    
701.5000      	14255.1675    	1457.45459    
702.0000      	14245.0142    	1466.81824    
702.5000      	14234.8754    	1456.36365    
703.0000      	14224.7511    	1459.45459    
703.5000      	14214.6411    	1445.54541    
704.0000      	14204.5455    	1402.72729    
704.5000      	14194.4642    	1509.00000    
705.0000      	14184.3972    	1524.90906    
705.5000      	14174.3444    	1492.18176    
706.0000      	14164.3059    	1550.72729    
706.5000      	14154.2817    	1543.27271    
707.0000      	14144.2716    	1526.45459    
707.5000      	14134.2756    	1477.90906    
708.0000      	14124.2938    	1443.90906    
708.5000      	14114.3260    	1422.00000    
709.0000      	14104.3724    	1530.09094    
709.5000      	14094.4327    	1613.09094    
710.0000      	14084.5070    	1479.18176    
710.5000      	14074.5954    	1505.63635    
711.0000      	14064.6976    	1541.00000    
711.5000      	14054.8138    	1531.45459    
712.0000      	14044.9438    	1501.63635    
712.5000      	14035.0877    	1520.00000    
713.0000      	14025.2454    	1504.45459    
713.5000      	14015.4170    	1594.36365    
714.0000      	14005.6022    	1525.45459    
714.5000      	13995.8013    	1601.81824    
715.0000      	13986.0140    	1441.81824    
715.5000      	13976.2404    	1465.81824    
716.0000      	13966.4804    	1500.36365    
716.5000      	13956.7341    	1502.09094    
717.0000      	13947.0014    	1522.81824    
717.5000      	13937.2822    	1458.18176    
718.0000      	13927.5766    	1497.81824    
718.5000      	13917.8845    	1511.36365    
719.0000      	13908.2058    	1487.54541    
719.5000      	13898.5407    	1504.63635    
720.0000      	13888.8889    	1584.54541    
720.5000      	13879.2505    	1501.18176    
721.0000      	13869.6255    	1465.36365    
721.5000      	13860.0139    	1467.00000    
722.0000      	13850.4155    	1487.00000    
722.5000      	13840.8304    	1342.09094    
723.0000      	13831.2586    	1443.00000    
723.5000      	13821.7001    	1418.72729    
724.0000      	13812.1547    	1379.90906    
724.5000      	13802.6225    	1390.00000    
725.0000      	13793.1034    	1471.54541    
725.5000      	13783.5975    	1495.90906    
726.0000      	13774.1047    	1446.36365    
726.5000      	13764.6249    	1482.00000    
727.0000      	13755.1582    	1439.36365    
727.5000      	13745.7045    	1448.54541    
728.0000      	13736.2637    	1489.72729    
728.5000      	13726.8360    	1489.00000    
729.0000      	13717.4211    	1505.63635    
729.5000      	13708.0192    	1480.72729    
730.0000      	13698.6301    	1506.27271    
730.5000      	13689.2539    	1494.90906    
731.0000      	13679.8906    	1526.54541    
731.5000      	13670.5400    	1500.45459    
732.0000      	13661.2022    	1479.18176    
732.5000      	13651.8771    	1523.00000    
733.0000      	13642.5648    	1476.54541    
733.5000      	13633.2652    	1545.54541    
734.0000      	13623.9782    	1546.00000    
734.5000      	13614.7039    	1447.72729    
735.0000      	13605.4422    	1532.54541    
735.5000      	13596.1931    	1500.00000    
736.0000      	13586.9565    	1487.36365    
736.5000      	13577.7325    	1551.00000    
737.0000      	13568.5210    	1545.45459    
737.5000      	13559.3220    	1463.09094    
738.0000      	13550.1355    	1483.00000    
738.5000      	13540.9614    	1463.27271    
739.0000      	13531.7997    	1409.81824    
739.5000      	13522.6504    	1422.63635    
740.0000      	13513.5135    	1443.09094    
740.5000      	13504.3889    	1393.90906    
741.0000      	13495.2767    	1506.27271    
741.5000      	13486.1767    	1549.63635    
742.0000      	13477.0889    	1600.09094    
742.5000      	13468.0135    	1444.45459    
743.0000      	13458.9502    	1459.72729    
743.5000      	13449.8991    	1500.54541    
744.0000      	13440.8602    	1502.81824    
744.5000      	13431.8334    	1510.63635    
745.0000      	13422.8188    	1475.18176    
745.5000      	13413.8162    	1396.18176    
746.0000      	13404.8257    	1414.27271    
746.5000      	13395.8473    	1467.18176    
747.0000      	13386.8809    	1436.27271    
747.5000      	13377.9264    	1500.90906    
748.0000      	13368.9840    	1447.63635    
748.5000      	13360.0534    	1473.18176    
749.0000      	13351.1348    	1442.36365    
749.5000      	13342.2282    	1435.81824    
750.0000      	13333.3333    	1436.54541    
750.5000      	13324.4504    	1475.54541    
751.0000      	13315.5792    	1531.18176    
751.5000      	13306.7199    	1563.63635    
752.0000      	13297.8723    	1546.63635    
752.5000      	13289.0365    	1598.72729    
753.0000      	13280.2125    	1624.45459    
753.5000      	13271.4001    	1523.72729    
754.0000      	13262.5995    	1472.18176    
754.5000      	13253.8105    	1527.81824    
755.0000      	13245.0331    	1480.63635    
755.5000      	13236.2674    	1465.54541    
756.0000      	13227.5132    	1490.90906    
756.5000      	13218.7707    	1525.90906    
757.0000      	13210.0396    	1476.63635    
757.5000      	13201.3201    	1469.36365    
758.0000      	13192.6121    	1498.90906    
758.5000      	13183.9156    	1498.72729    
759.0000      	13175.2306    	1600.27271    
759.5000      	13166.5569    	1488.54541    
760.0000      	13157.8947    	1513.18176    
760.5000      	13149.2439    	1604.90906    
761.0000      	13140.6045    	1426.72729    
761.5000      	13131.9764    	1553.36365    
762.0000      	13123.3596    	1488.45459    
762.5000      	13114.7541    	1462.09094    
763.0000      	13106.1599    	1490.81824    
763.5000      	13097.5769    	1514.45459    
764.0000      	13089.0052    	1473.81824    
764.5000      	13080.4447    	1395.36365    
765.0000      	13071.8954    	1417.45459    
765.5000      	13063.3573    	1480.45459    
766.0000      	13054.8303    	1496.90906    
766.5000      	13046.3144    	1536.36365    
767.0000      	13037.8096    	1482.72729    
767.5000      	13029.3160    	1379.45459    
768.0000      	13020.8333    	1482.63635    
768.5000      	13012.3617    	1541.72729    
769.0000      	13003.9012    	1506.81824    
769.5000      	12995.4516    	1517.90906    
770.0000      	12987.0130    	1503.54541    
770.5000      	12978.5853    	1462.36365    
771.0000      	12970.1686    	1542.54541    
771.5000      	12961.7628    	1616.81824    
772.0000      	12953.3679    	1489.00000    
772.5000      	12944.9838    	1466.09094    
773.0000      	12936.6106    	1471.00000    
773.5000      	12928.2482    	1500.72729    
774.0000      	12919.8966    	1508.00000    
774.5000      	12911.5558    	1467.72729    
775.0000      	12903.2258    	1512.36365    
775.5000      	12894.9065    	1506.54541    
776.0000      	12886.5979    	1475.36365    
776.5000      	12878.3001    	1469.90906    
777.0000      	12870.0129    	1465.27271    
777.5000      	12861.7363    	1404.00000    
778.0000      	12853.4704    	1490.09094    
778.5000      	12845.2152    	1584.00000    
779.0000      	12836.9705    	1538.63635    
779.5000      	12828.7364    	1540.00000    
780.0000      	12820.5128    	1443.27271    
780.5000      	12812.2998    	1413.00000    
781.0000      	12804.0973    	1475.81824    
781.5000      	12795.9053    	1532.72729    
782.0000      	12787.7238    	1524.18176    
782.5000      	12779.5527    	1479.54541    
783.0000      	12771.3921    	1418.81824    
783.5000      	12763.2419    	1453.90906    
784.0000      	12755.1020    	1432.45459    
784.5000      	12746.9726    	1550.36365    
785.0000      	12738.8535    	1469.00000    
785.5000      	12730.7447    	1426.90906    
786.0000      	12722.6463    	1426.72729    
786.5000      	12714.5582    	1454.36365    
787.0000      	12706.4803    	1537.54541    
787.5000      	12698.4127    	1482.09094    
788.0000      	12690.3553    	1593.27271    
788.5000      	12682.3082    	1503.18176    
789.0000      	12674.2712    	1510.18176    
789.5000      	12666.2445    	1488.72729    
790.0000      	12658.2278    	1498.09094    
790.5000      	12650.2214    	1483.63635    
791.0000      	12642.2250    	1450.45459    
791.5000      	12634.2388    	1473.90906    
792.0000      	12626.2626    	1504.63635    
792.5000      	12618.2965    	1485.72729    
793.0000      	12610.3405    	1449.81824    
793.5000      	12602.3945    	1451.54541    
794.0000      	12594.4584    	1543.63635    
794.5000      	12586.5324    	1532.81824    
795.0000      	12578.6164    	1528.36365    
795.5000      	12570.7102    	1494.00000    
796.0000      	12562.8141    	1461.27271    
796.5000      	12554.9278    	1433.54541    
797.0000      	12547.0514    	1511.09094    
797.5000      	12539.1850    	1506.09094    
798.0000      	12531.3283    	1464.72729    
798.5000      	12523.4815    	1421.63635    
799.0000      	12515.6446    	1427.18176    
799.5000      	12507.8174    	1513.18176    
800.0000      	12500.0000    	1575.36365    
