350.0000      	28571.4286    	1551.90906    
350.5000      	28530.6705    	1554.63635    
351.0000      	28490.0285    	1546.00000    
351.5000      	28449.5021    	1539.81824    
352.0000      	28409.0909    	1526.90906    
352.5000      	28368.7943    	1525.63635    
353.0000      	28328.6119    	1485.36365    
353.5000      	28288.5431    	1545.72729    
354.0000      	28248.5876    	1455.63635    
354.5000      	28208.7447    	1435.90906    
355.0000      	28169.0141    	1491.18176    
355.5000      	28129.3952    	1505.72729    
356.0000      	28089.8876    	1393.27271    
356.5000      	28050.4909    	1482.63635    
357.0000      	28011.2045    	1481.54541    
357.5000      	27972.0280    	1476.63635    
358.0000      	27932.9609    	1486.18176    
358.5000      	27894.0028    	1635.63635    
359.0000      	27855.1532    	1454.63635    
359.5000      	27816.4117    	1535.09094    
360.0000      	27777.7778    	1487.45459    
360.5000      	27739.2510    	1495.81824    
361.0000      	27700.8310    	1487.18176    
361.5000      	27662.5173    	1595.81824    
362.0000      	27624.3094    	1507.72729    
362.5000      	27586.2069    	1547.00000    
363.0000      	27548.2094    	1570.00000    
363.5000      	27510.3164    	1448.09094    
364.0000      	27472.5275    	1402.45459    
364.5000      	27434.8422    	1440.18176    
365.0000      	27397.2603    	1440.81824    
365.5000      	27359.7811    	1501.90906    
366.0000      	27322.4044    	1513.27271    
366.5000      	27285.1296    	1486.27271    
367.0000      	27247.9564    	1488.54541    
367.5000      	27210.8844    	1593.72729    
368.0000      	27173.9130    	1468.72729    
368.5000      	27137.0421    	1599.54541    
369.0000      	27100.2710    	1475.45459    
369.5000      	27063.5995    	1479.90906    
370.0000      	27027.0270    	1575.72729    
370.5000      	26990.5533    	1403.18176    
371.0000      	26954.1779    	1496.72729    
371.5000      	26917.9004    	1449.72729    
372.0000      	26881.7204    	1453.72729    
372.5000      	26845.6376    	1522.18176    
373.0000      	26809.6515    	1449.36365    
373.5000      	26773.7617    	1515.45459    
374.0000      	26737.9679    	1615.36365    
374.5000      	26702.2697    	1497.09094    
375.0000      	26666.6667    	1438.45459    
375.5000      	26631.1585    	1485.27271    
376.0000      	26595.7447    	1493.27271    
376.5000      	26560.4250    	1435.09094    
377.0000      	26525.1989    	1495.63635    
377.5000      	26490.0662    	1507.72729    
378.0000      	26455.0265    	1474.81824    
378.5000      	26420.0793    	1486.54541    
379.0000      	26385.2243    	1492.36365    
379.5000      	26350.4611    	1482.09094    
380.0000      	26315.7895    	1457.00000    
380.5000      	26281.2089    	1467.81824    
381.0000      	26246.7192    	1503.81824    
381.5000      	26212.3198    	1432.81824    
382.0000      	26178.0105    	1496.36365    
382.5000      	26143.7908    	1534.09094    
383.0000      	26109.6606    	1548.18176    
383.5000      	26075.6193    	1458.63635    
384.0000      	26041.6667    	1618.54541    
384.5000      	26007.8023    	1473.09094    
385.0000      	25974.0260    	1460.00000    
385.5000      	25940.3372    	1469.63635    
386.0000      	25906.7358    	1425.45459    
386.5000      	25873.2212    	1480.00000    
387.0000      	25839.7933    	1492.00000    
387.5000      	25806.4516    	1450.72729    
388.0000      	25773.1959    	1514.45459    
388.5000      	25740.0257    	1494.63635    
389.0000      	25706.9409    	1506.27271    
389.5000      	25673.9409    	1507.72729    
390.0000      	25641.0256    	1488.72729    
390.5000      	25608.1946    	1455.90906    
391.0000      	25575.4476    	1496.81824    
391.5000      	25542.7842    	1571.09094    
392.0000      	25510.2041    	1458.09094    
392.5000      	25477.7070    	1428.63635    
393.0000      	25445.2926    	1502.27271    
393.5000      	25412.9606    	1432.36365    
394.0000      	25380.7107    	1578.90906    
394.5000      	25348.5425    	1435.72729    
395.0000      	25316.4557    	1528.27271    
395.5000      	25284.4501    	1500.18176    
396.0000      	25252.5253    	1595.00000    
396.5000      	25220.6810    	1496.45459    
397.0000      	25188.9169    	1520.45459    
397.5000      	25157.2327    	1532.90906    
398.0000      	25125.6281    	1510.81824    
398.5000      	25094.1029    	1442.54541    
399.0000      	25062.6566    	1516.00000    
399.5000      	25031.2891    	1564.09094    
400.0000      	25000.0000    	1541.54541    
400.5000      	24968.7890    	1489.63635    
401.0000      	24937.6559    	1469.00000    
401.5000      	24906.6002    	1521.90906    
402.0000      	24875.6219    	1593.63635    
402.5000      	24844.7205    	1524.36365    
403.0000      	24813.8958    	1401.09094    
403.5000      	24783.1475    	1481.09094    
404.0000      	24752.4752    	1505.81824    
404.5000      	24721.8789    	1574.45459    
405.0000      	24691.3580    	1512.36365    
405.5000      	24660.9125    	1483.81824    
406.0000      	24630.5419    	1457.63635    
406.5000      	24600.2460    	1464.81824    
407.0000      	24570.0246    	1516.81824    
407.5000      	24539.8773    	1423.09094    
408.0000      	24509.8039    	1405.09094    
408.5000      	24479.8042    	1436.54541    
409.0000      	24449.8778    	1440.54541    
409.5000      	24420.0244    	1502.00000    
410.0000      	24390.2439    	1526.90906    
410.5000      	24360.5359    	1609.36365    
411.0000      	24330.9002    	1522.90906    
411.5000      	24301.3366    	1513.72729    
412.0000      	24271.8447    	1566.63635    
412.5000      	24242.4242    	1464.27271    
413.0000      	24213.0751    	1533.81824    
413.5000      	24183.7969    	1499.27271    
414.0000      	24154.5894    	1469.09094    
414.5000      	24125.4524    	1436.81824    
415.0000      	24096.3855    	1407.54541    
415.5000      	24067.3887    	1481.63635    
416.0000      	24038.4615    	1526.36365    
416.5000      	24009.6038    	1529.36365    
417.0000      	23980.8153    	1484.54541    
417.5000      	23952.0958    	1420.45459    
418.0000      	23923.4450    	1517.36365    
418.5000      	23894.8626    	1473.54541    
419.0000      	23866.3484    	1487.63635    
419.5000      	23837.9023    	1437.00000    
420.0000      	23809.5238    	1478.18176    
420.5000      	23781.2128    	1536.45459    
421.0000      	23752.9691    	1469.90906    
421.5000      	23724.7924    	1430.72729    
422.0000      	23696.6825    	1505.09094    
422.5000      	23668.6391    	1483.45459    
423.0000      	23640.6619    	1500.81824    
423.5000      	23612.7509    	1440.27271    
424.0000      	23584.9057    	1467.18176    
424.5000      	23557.1260    	1548.45459    
425.0000      	23529.4118    	1431.72729    
425.5000      	23501.7626    	1462.09094    
426.0000      	23474.1784    	1440.81824    
426.5000      	23446.6589    	1508.45459    
427.0000      	23419.2037    	1462.36365    
427.5000      	23391.8129    	1483.00000    
428.0000      	23364.4860    	1456.09094    
428.5000      	23337.2229    	1462.18176    
429.0000      	23310.0233    	1613.72729    
429.5000      	23282.8871    	1504.09094    
430.0000      	23255.8140    	1472.09094    
430.5000      	23228.8037    	1482.63635    
431.0000      	23201.8561    	1579.45459    
431.5000      	23174.9710    	1457.36365    
432.0000      	23148.1481    	1422.45459    
432.5000      	23121.3873    	1463.18176    
433.0000      	23094.6882    	1396.72729    
433.5000      	23068.0507    	1468.81824    
434.0000      	23041.4747    	1539.72729    
434.5000      	23014.9597    	1436.45459    
435.0000      	22988.5057    	1502.27271    
435.5000      	22962.1125    	1546.09094    
436.0000      	22935.7798    	1508.90906    
436.5000      	22909.5074    	1441.81824    
437.0000      	22883.2952    	1472.36365    
437.5000      	22857.1429    	1457.81824    
438.0000      	22831.0502    	1425.81824    
438.5000      	22805.0171    	1413.90906    
439.0000      	22779.0433    	1407.63635    
439.5000      	22753.1286    	1374.72729    
440.0000      	22727.2727    	1646.18176    
440.5000      	22701.4756    	1495.63635    
441.0000      	22675.7370    	1621.18176    
441.5000      	22650.0566    	1423.63635    
442.0000      	22624.4344    	1423.18176    
442.5000      	22598.8701    	1579.72729    
443.0000      	22573.3634    	1525.81824    
443.5000      	22547.9143    	1488.63635    
444.0000      	22522.5225    	1498.18176    
444.5000      	22497.1879    	1507.09094    
445.0000      	22471.9101    	1532.27271    
445.5000      	22446.6891    	1383.36365    
446.0000      	22421.5247    	1390.18176    
446.5000      	22396.4166    	1520.72729    
447.0000      	22371.3647    	1442.00000    
447.5000      	22346.3687    	1479.27271    
448.0000      	22321.4286    	1489.72729    
448.5000      	22296.5440    	1399.72729    
449.0000      	22271.7149    	1481.90906    
449.5000      	22246.9410    	1608.81824    
450.0000      	22222.2222    	1471.72729    
450.5000      	22197.5583    	1521.00000    
451.0000      	22172.9490    	1523.45459    
451.5000      	22148.3942    	1513.90906    
452.0000      	22123.8938    	1464.63635    
452.5000      	22099.4475    	1441.63635    
453.0000      	22075.0552    	1461.81824    
453.5000      	22050.7166    	1415.18176    
454.0000      	22026.4317    	1419.63635    
454.5000      	22002.2002    	1423.36365    
455.0000      	21978.0220    	1465.90906    
455.5000      	21953.8968    	1477.18176    
456.0000      	21929.8246    	1500.90906    
456.5000      	21905.8050    	1527.00000    
457.0000      	21881.8381    	1567.81824    
457.5000      	21857.9235    	1542.09094    
458.0000      	21834.0611    	1484.81824    
458.5000      	21810.2508    	1428.81824    
459.0000      	21786.4924    	1589.09094    
459.5000      	21762.7856    	1452.90906    
460.0000      	21739.1304    	1533.45459    
460.5000      	21715.5266    	1436.54541    
461.0000      	21691.9740    	1464.00000    
461.5000      	21668.4724    	1571.90906    
462.0000      	21645.0216    	1571.45459    
462.5000      	21621.6216    	1416.36365    
463.0000      	21598.2721    	1456.27271    
463.5000      	21574.9730    	1442.00000    
464.0000      	21551.7241    	1434.09094    
464.5000      	21528.5253    	1493.63635    
465.0000      	21505.3763    	1580.45459    
465.5000      	21482.2771    	1452.18176    
466.0000      	21459.2275    	1536.72729    
466.5000      	21436.2272    	1396.81824    
467.0000      	21413.2762    	1451.54541    
467.5000      	21390.3743    	1538.27271    
468.0000      	21367.5214    	1470.00000    
468.5000      	21344.7172    	1445.54541    
469.0000      	21321.9616    	1567.09094    
469.5000      	21299.2545    	1500.90906    
470.0000      	21276.5957    	1431.54541    
470.5000      	21253.9851    	1568.90906    
471.0000      	21231.4225    	1490.90906    
471.5000      	21208.9077    	1425.36365    
472.0000      	21186.4407    	1375.81824    
472.5000      	21164.0212    	1416.63635    
473.0000      	21141.6490    	1454.63635    
473.5000      	21119.3242    	1428.18176    
474.0000      	21097.0464    	1522.36365    
474.5000      	21074.8156    	1493.36365    
475.0000      	21052.6316    	1366.09094    
475.5000      	21030.4942    	1456.81824    
476.0000      	21008.4034    	1413.81824    
476.5000      	20986.3589    	1422.72729    
477.0000      	20964.3606    	1451.72729    
477.5000      	20942.4084    	1562.09094    
478.0000      	20920.5021    	1542.90906    
478.5000      	20898.6416    	1499.54541    
479.0000      	20876.8267    	1447.09094    
479.5000      	20855.0574    	1446.45459    
480.0000      	20833.3333    	1438.81824    
480.5000      	20811.6545    	1433.18176    
481.0000      	20790.0208    	1475.36365    
481.5000      	20768.4320    	1434.09094    
482.0000      	20746.8880    	1466.00000    
482.5000      	20725.3886    	1538.09094    
483.0000      	20703.9337    	1478.27271    
483.5000      	20682.5233    	1506.72729    
484.0000      	20661.1570    	1503.72729    
484.5000      	20639.8349    	1481.36365    
485.0000      	20618.5567    	1472.54541    
485.5000      	20597.3223    	1515.27271    
486.0000      	20576.1317    	1536.09094    
486.5000      	20554.9846    	1383.63635    
487.0000      	20533.8809    	1443.63635    
487.5000      	20512.8205    	1477.54541    
488.0000      	20491.8033    	1507.36365    
488.5000      	20470.8291    	1435.45459    
489.0000      	20449.8978    	1431.36365    
489.5000      	20429.0092    	1517.45459    
490.0000      	20408.1633    	1512.00000    
490.5000      	20387.3598    	1475.09094    
491.0000      	20366.5988    	1448.54541    
491.5000      	20345.8800    	1569.45459    
492.0000      	20325.2033    	1457.36365    
492.5000      	20304.5685    	1436.36365    
493.0000      	20283.9757    	1587.81824    
493.5000      	20263.4245    	1408.27271    
494.0000      	20242.9150    	1475.54541    
494.5000      	20222.4469    	1492.36365    
495.0000      	20202.0202    	1474.45459    
495.5000      	20181.6347    	1421.90906    
496.0000      	20161.2903    	1476.81824    
496.5000      	20140.9869    	1486.54541    
497.0000      	20120.7243    	1446.90906    
497.5000      	20100.5025    	1544.90906    
498.0000      	20080.3213    	1486.90906    
498.5000      	20060.1805    	1450.27271    
499.0000      	20040.0802    	1587.00000    
499.5000      	20020.0200    	1492.09094    
500.0000      	20000.0000    	1428.63635    
500.5000      	19980.0200    	1467.54541    
501.0000      	19960.0798    	1520.27271    
501.5000      	19940.1795    	1454.54541    
502.0000      	19920.3187    	1501.63635    
502.5000      	19900.4975    	1434.36365    
503.0000      	19880.7157    	1384.72729    
503.5000      	19860.9732    	1469.45459    
504.0000      	19841.2698    	1443.81824    
504.5000      	19821.6056    	1521.72729    
505.0000      	19801.9802    	1469.63635    
505.5000      	19782.3937    	1436.27271    
506.0000      	19762.8458    	1439.36365    
506.5000      	19743.3366    	1384.27271    
507.0000      	19723.8659    	1458.81824    
507.5000      	19704.4335    	1491.90906    
508.0000      	19685.0394    	1551.54541    
508.5000      	19665.6834    	1406.00000    
509.0000      	19646.3654    	1454.45459    
509.5000      	19627.0854    	1578.27271    
510.0000      	19607.8431    	1631.27271    
510.5000      	19588.6386    	1471.27271    
511.0000      	19569.4716    	1455.18176    
511.5000      	19550.3421    	1538.09094    
512.0000      	19531.2500    	1571.36365    
512.5000      	19512.1951    	1417.36365    
513.0000      	19493.1774    	1411.36365    
513.5000      	19474.1967    	1409.72729    
514.0000      	19455.2529    	1483.81824    
514.5000      	19436.3460    	1410.18176    
515.0000      	19417.4757    	1418.45459    
515.5000      	19398.6421    	1527.45459    
516.0000      	19379.8450    	1430.27271    
516.5000      	19361.0842    	1463.09094    
517.0000      	19342.3598    	1413.09094    
517.5000      	19323.6715    	1474.54541    
518.0000      	19305.0193    	1416.63635    
518.5000      	19286.4031    	1387.00000    
519.0000      	19267.8227    	1361.90906    
519.5000      	19249.2782    	1435.72729    
520.0000      	19230.7692    	1431.81824    
520.5000      	19212.2959    	1455.36365    
521.0000      	19193.8580    	1483.81824    
521.5000      	19175.4554    	1437.72729    
522.0000      	19157.0881    	1464.18176    
522.5000      	19138.7560    	1487.27271    
523.0000      	19120.4589    	1529.18176    
523.5000      	19102.1968    	1441.18176    
524.0000      	19083.9695    	1464.72729    
524.5000      	19065.7769    	1438.81824    
525.0000      	19047.6190    	1466.72729    
525.5000      	19029.4957    	1409.27271    
526.0000      	19011.4068    	1389.63635    
526.5000      	18993.3523    	1554.63635    
527.0000      	18975.3321    	1431.09094    
527.5000      	18957.3460    	1341.18176    
528.0000      	18939.3939    	1466.54541    
528.5000      	18921.4759    	1536.63635    
529.0000      	18903.5917    	1443.36365    
529.5000      	18885.7413    	1458.00000    
530.0000      	18867.9245    	1422.09094    
530.5000      	18850.1414    	1388.54541    
531.0000      	18832.3917    	1476.72729    
531.5000      	18814.6754    	1463.81824    
532.0000      	18796.9925    	1476.81824    
532.5000      	18779.3427    	1446.54541    
533.0000      	18761.7261    	1448.81824    
533.5000      	18744.1425    	1437.90906    
534.0000      	18726.5918    	1490.90906    
534.5000      	18709.0739    	1432.81824    
535.0000      	18691.5888    	1518.18176    
535.5000      	18674.1363    	1440.00000    
536.0000      	18656.7164    	1512.81824    
536.5000      	18639.3290    	1449.36365    
537.0000      	18621.9739    	1445.18176    
537.5000      	18604.6512    	1444.90906    
538.0000      	18587.3606    	1428.54541    
538.5000      	18570.1021    	1431.54541    
539.0000      	18552.8757    	1426.72729    
539.5000      	18535.6812    	1486.45459    
540.0000      	18518.5185    	1379.18176    
540.5000      	18501.3876    	1404.18176    
541.0000      	18484.2884    	1457.18176    
541.5000      	18467.2207    	1445.72729    
542.0000      	18450.1845    	1513.18176    
542.5000      	18433.1797    	1379.63635    
543.0000      	18416.2063    	1471.00000    
543.5000      	18399.2640    	1494.81824    
544.0000      	18382.3529    	1443.00000    
544.5000      	18365.4729    	1417.54541    
545.0000      	18348.6239    	1507.90906    
545.5000      	18331.8057    	1457.36365    
546.0000      	18315.0183    	1545.72729    
546.5000      	18298.2617    	1439.45459    
547.0000      	18281.5356    	1479.54541    
547.5000      	18264.8402    	1459.81824    
548.0000      	18248.1752    	1457.90906    
548.5000      	18231.5406    	1428.81824    
549.0000      	18214.9362    	1491.63635    
549.5000      	18198.3621    	1503.09094    
550.0000      	18181.8182    	1451.63635    
550.5000      	18165.3043    	1473.54541    
551.0000      	18148.8203    	1413.00000    
551.5000      	18132.3663    	1487.90906    
552.0000      	18115.9420    	1410.18176    
552.5000      	18099.5475    	1443.90906    
553.0000      	18083.1826    	1406.09094    
553.5000      	18066.8473    	1599.18176    
554.0000      	18050.5415    	1507.09094    
554.5000      	18034.2651    	1489.54541    
555.0000      	18018.0180    	1409.18176    
555.5000      	18001.8002    	1431.09094    
556.0000      	17985.6115    	1394.63635    
556.5000      	17969.4519    	1384.27271    
557.0000      	17953.3214    	1419.45459    
557.5000      	17937.2197    	1462.09094    
558.0000      	17921.1470    	1451.18176    
558.5000      	17905.1030    	1420.72729    
559.0000      	17889.0877    	1473.81824    
559.5000      	17873.1010    	1591.81824    
560.0000      	17857.1429    	1530.36365    
560.5000      	17841.2132    	1425.09094    
561.0000      	17825.3119    	1510.72729    
561.5000      	17809.4390    	1402.36365    
562.0000      	17793.5943    	1512.81824    
562.5000      	17777.7778    	1485.54541    
563.0000      	17761.9893    	1454.90906    
563.5000      	17746.2289    	1401.63635    
564.0000      	17730.4965    	1518.81824    
564.5000      	17714.7919    	1508.45459    
565.0000      	17699.1150    	1421.72729    
565.5000      	17683.4660    	1382.27271    
566.0000      	17667.8445    	1515.36365    
566.5000      	17652.2507    	1432.81824    
567.0000      	17636.6843    	1420.45459    
567.5000      	17621.1454    	1456.36365    
568.0000      	17605.6338    	1460.63635    
568.5000      	17590.1495    	1416.36365    
569.0000      	17574.6924    	1457.27271    
569.5000      	17559.2625    	1456.45459    
570.0000      	17543.8596    	1405.18176    
570.5000      	17528.4838    	1387.54541    
571.0000      	17513.1349    	1460.45459    
571.5000      	17497.8128    	1519.81824    
572.0000      	17482.5175    	1443.36365    
572.5000      	17467.2489    	1552.54541    
573.0000      	17452.0070    	1392.45459    
573.5000      	17436.7916    	1478.90906    
574.0000      	17421.6028    	1429.09094    
574.5000      	17406.4404    	1418.90906    
575.0000      	17391.3043    	1437.90906    
575.5000      	17376.1946    	1424.36365    
576.0000      	17361.1111    	1478.72729    
576.5000      	17346.0538    	1432.00000    
577.0000      	17331.0225    	1409.36365    
577.5000      	17316.0173    	1379.09094    
578.0000      	17301.0381    	1483.63635    
578.5000      	17286.0847    	1454.63635    
579.0000      	17271.1572    	1507.45459    
579.5000      	17256.2554    	1454.54541    
580.0000      	17241.3793    	1699.27271    
580.5000      	17226.5289    	1524.81824    
581.0000      	17211.7040    	1486.54541    
581.5000      	17196.9046    	1393.54541    
582.0000      	17182.1306    	1434.36365    
582.5000      	17167.3820    	1472.09094    
583.0000      	17152.6587    	1418.90906    
583.5000      	17137.9606    	1526.90906    
584.0000      	17123.2877    	1406.90906    
584.5000      	17108.6399    	1359.18176    
585.0000      	17094.0171    	1415.90906    
585.5000      	17079.4193    	1350.09094    
586.0000      	17064.8464    	1428.81824    
586.5000      	17050.2984    	1414.63635    
587.0000      	17035.7751    	1428.45459    
587.5000      	17021.2766    	1431.00000    
588.0000      	17006.8027    	1470.90906    
588.5000      	16992.3534    	1457.81824    
589.0000      	16977.9287    	1510.36365    
589.5000      	16963.5284    	1510.00000    
590.0000      	16949.1525    	1571.36365    
590.5000      	16934.8010    	1468.18176    
591.0000      	16920.4738    	1471.54541    
591.5000      	16906.1708    	1544.09094    
592.0000      	16891.8919    	1440.81824    
592.5000      	16877.6371    	1513.63635    
593.0000      	16863.4064    	1443.81824    
593.5000      	16849.1997    	1443.90906    
594.0000      	16835.0168    	1388.09094    
594.5000      	16820.8579    	1601.45459    
595.0000      	16806.7227    	1454.54541    
595.5000      	16792.6113    	1398.18176    
596.0000      	16778.5235    	1536.54541    
596.5000      	16764.4593    	1500.27271    
597.0000      	16750.4188    	1403.90906    
597.5000      	16736.4017    	1389.00000    
598.0000      	16722.4080    	1524.45459    
598.5000      	16708.4378    	1529.81824    
599.0000      	16694.4908    	1536.54541    
599.5000      	16680.5671    	1469.45459    
600.0000      	16666.6667    	1476.54541    
600.5000      	16652.7893    	1470.27271    
601.0000      	16638.9351    	1532.27271    
601.5000      	16625.1039    	1445.27271    
602.0000      	16611.2957    	1404.81824    
602.5000      	16597.5104    	1401.90906    
603.0000      	16583.7479    	1416.81824    
603.5000      	16570.0083    	1390.09094    
604.0000      	16556.2914    	1408.72729    
604.5000      	16542.5972    	1548.27271    
605.0000      	16528.9256    	1589.90906    
605.5000      	16515.2766    	1465.81824    
606.0000      	16501.6502    	1412.18176    
606.5000      	16488.0462    	1465.27271    
607.0000      	16474.4646    	1441.81824    
607.5000      	16460.9053    	1488.45459    
608.0000      	16447.3684    	1586.63635    
608.5000      	16433.8537    	1465.54541    
609.0000      	16420.3612    	1563.27271    
609.5000      	16406.8909    	1429.36365    
610.0000      	16393.4426    	1480.90906    
610.5000      	16380.0164    	1575.90906    
611.0000      	16366.6121    	1390.36365    
611.5000      	16353.2298    	1447.27271    
612.0000      	16339.8693    	1464.00000    
612.5000      	16326.5306    	1515.45459    
613.0000      	16313.2137    	1425.09094    
613.5000      	16299.9185    	1561.81824    
614.0000      	16286.6450    	1446.90906    
614.5000      	16273.3930    	1465.81824    
615.0000      	16260.1626    	1416.72729    
615.5000      	16246.9537    	1410.81824    
616.0000      	16233.7662    	1452.54541    
616.5000      	16220.6002    	1418.72729    
617.0000      	16207.4554    	1469.54541    
617.5000      	16194.3320    	1438.00000    
618.0000      	16181.2298    	1358.90906    
618.5000      	16168.1487    	1486.45459    
619.0000      	16155.0889    	1475.36365    
619.5000      	16142.0500    	1438.36365    
620.0000      	16129.0323    	1465.09094    
620.5000      	16116.0355    	1528.18176    
621.0000      	16103.0596    	1442.54541    
621.5000      	16090.1046    	1374.18176    
622.0000      	16077.1704    	1425.09094    
622.5000      	16064.2570    	1515.54541    
623.0000      	16051.3644    	1442.18176    
623.5000      	16038.4924    	1398.54541    
624.0000      	16025.6410    	1454.54541    
624.5000      	16012.8102    	1578.90906    
625.0000      	16000.0000    	1485.81824    
625.5000      	15987.2102    	1442.45459    
626.0000      	15974.4409    	1470.72729    
626.5000      	15961.6919    	1431.90906    
627.0000      	15948.9633    	1448.63635    
627.5000      	15936.2550    	1469.09094    
628.0000      	15923.5669    	1499.27271    
628.5000      	15910.8990    	1395.90906    
629.0000      	15898.2512    	1475.45459    
629.5000      	15885.6235    	1423.36365    
630.0000      	15873.0159    	1402.54541    
630.5000      	15860.4282    	1448.00000    
631.0000      	15847.8605    	1471.45459    
631.5000      	15835.3127    	1405.45459    
632.0000      	15822.7848    	1463.90906    
632.5000      	15810.2767    	1477.63635    
633.0000      	15797.7883    	1416.36365    
633.5000      	15785.3197    	1380.36365    
634.0000      	15772.8707    	1527.00000    
634.5000      	15760.4413    	1487.18176    
635.0000      	15748.0315    	1470.81824    
635.5000      	15735.6412    	1532.63635    
636.0000      	15723.2704    	1502.27271    
636.5000      	15710.9191    	1461.72729    
637.0000      	15698.5871    	1565.90906    
637.5000      	15686.2745    	1501.81824    
638.0000      	15673.9812    	1470.18176    
638.5000      	15661.7071    	1439.00000    
639.0000      	15649.4523    	1527.90906    
639.5000      	15637.2166    	1482.72729    
640.0000      	15625.0000    	1543.18176    
640.5000      	15612.8025    	1517.18176    
641.0000      	15600.6240    	1462.45459    
641.5000      	15588.4645    	1497.18176    
642.0000      	15576.3240    	1401.90906    
642.5000      	15564.2023    	1528.09094    
643.0000      	15552.0995    	1389.72729    
643.5000      	15540.0155    	1378.27271    
644.0000      	15527.9503    	1432.09094    
644.5000      	15515.9038    	1478.27271    
645.0000      	15503.8760    	1433.81824    
645.5000      	15491.8668    	1485.54541    
646.0000      	15479.8762    	1425.63635    
646.5000      	15467.9041    	1439.81824    
647.0000      	15455.9505    	1429.00000    
647.5000      	15444.0154    	1476.90906    
648.0000      	15432.0988    	1492.36365    
648.5000      	15420.2005    	1556.63635    
649.0000      	15408.3205    	1457.63635    
649.5000      	15396.4588    	1499.00000    
650.0000      	15384.6154    	1460.45459    
650.5000      	15372.7902    	1427.90906    
651.0000      	15360.9831    	1441.72729    
651.5000      	15349.1942    	1405.72729    
652.0000      	15337.4233    	1523.09094    
652.5000      	15325.6705    	1433.18176    
653.0000      	15313.9357    	1409.09094    
653.5000      	15302.2188    	1459.63635    
654.0000      	15290.5199    	1445.18176    
654.5000      	15278.8388    	1395.63635    
655.0000      	15267.1756    	1374.81824    
655.5000      	15255.5301    	1446.90906    
656.0000      	15243.9024    	1441.81824    
656.5000      	15232.2925    	1409.09094    
657.0000      	15220.7002    	1412.27271    
657.5000      	15209.1255    	1604.18176    
658.0000      	15197.5684    	1476.90906    
658.5000      	15186.0289    	1442.63635    
659.0000      	15174.5068    	1398.90906    
659.5000      	15163.0023    	1491.45459    
660.0000      	15151.5152    	1412.45459    
660.5000      	15140.0454    	1446.63635    
661.0000      	15128.5930    	1523.00000    
661.5000      	15117.1580    	1542.18176    
662.0000      	15105.7402    	1506.09094    
662.5000      	15094.3396    	1554.54541    
663.0000      	15082.9563    	1474.09094    
663.5000      	15071.5901    	1469.18176    
664.0000      	15060.2410    	1429.63635    
664.5000      	15048.9090    	1399.00000    
665.0000      	15037.5940    	1476.54541    
665.5000      	15026.2960    	1471.90906    
666.0000      	15015.0150    	1467.54541    
666.5000      	15003.7509    	1467.54541    
667.0000      	14992.5037    	1479.00000    
667.5000      	14981.2734    	1515.00000    
668.0000      	14970.0599    	1491.72729    
668.5000      	14958.8631    	1418.36365    
669.0000      	14947.6831    	1437.81824    
669.5000      	14936.5198    	1427.54541    
670.0000      	14925.3731    	1427.63635    
670.5000      	14914.2431    	1471.00000    
671.0000      	14903.1297    	1484.63635    
671.5000      	14892.0328    	1427.72729    
672.0000      	14880.9524    	1422.90906    
672.5000      	14869.8885    	1437.81824    
673.0000      	14858.8410    	1438.54541    
673.5000      	14847.8099    	1441.63635    
674.0000      	14836.7953    	1471.54541    
674.5000      	14825.7969    	1588.09094    
675.0000      	14814.8148    	1533.36365    
675.5000      	14803.8490    	1468.63635    
676.0000      	14792.8994    	1471.36365    
676.5000      	14781.9660    	1514.18176    
677.0000      	14771.0487    	1570.72729    
677.5000      	14760.1476    	1478.36365    
678.0000      	14749.2625    	1502.72729    
678.5000      	14738.3935    	1514.36365    
679.0000      	14727.5405    	1623.09094    
679.5000      	14716.7035    	1502.00000    
680.0000      	14705.8824    	1482.27271    
680.5000      	14695.0771    	1419.09094    
681.0000      	14684.2878    	1434.09094    
681.5000      	14673.5143    	1504.09094    
682.0000      	14662.7566    	1486.54541    
682.5000      	14652.0147    	1507.63635    
683.0000      	14641.2884    	1449.00000    
683.5000      	14630.5779    	1479.45459    
684.0000      	14619.8830    	1436.54541    
684.5000      	14609.2038    	1508.81824    
685.0000      	14598.5401    	1468.36365    
685.5000      	14587.8920    	1390.72729    
686.0000      	14577.2595    	1453.72729    
686.5000      	14566.6424    	1401.72729    
687.0000      	14556.0408    	1402.27271    
687.5000      	14545.4545    	1370.54541    
688.0000      	14534.8837    	1557.72729    
688.5000      	14524.3282    	1640.18176    
689.0000      	14513.7881    	1431.00000    
689.5000      	14503.2632    	1436.45459    
690.0000      	14492.7536    	1572.45459    
690.5000      	14482.2592    	1425.09094    
691.0000      	14471.7800    	1478.09094    
691.5000      	14461.3160    	1444.00000    
692.0000      	14450.8671    	1457.45459    
692.5000      	14440.4332    	1644.90906    
693.0000      	14430.0144    	1514.27271    
693.5000      	14419.6107    	1481.36365    
694.0000      	14409.2219    	1576.18176    
694.5000      	14398.8481    	1467.72729    
695.0000      	14388.4892    	1444.81824    
695.5000      	14378.1452    	1444.45459    
696.0000      	14367.8161    	1398.90906    
696.5000      	14357.5018    	1506.54541    
697.0000      	14347.2023    	1453.90906    
697.5000      	14336.9176    	1466.36365    
698.0000      	14326.6476    	1533.54541    
698.5000      	14316.3923    	1506.27271    
699.0000      	14306.1516    	1499.18176    
699.5000      	14295.9257    	1458.00000    
700.0000      	14285.7143    	1435.54541    
700.5000      	14275.5175    	1507.36365    
701.0000      	14265.3352    	1609.72729    
701.5000      	14255.1675    	1409.63635    
702.0000      	14245.0142    	1467.09094    
702.5000      	14234.8754    	1452.27271    
703.0000      	14224.7511    	1439.27271    
703.5000      	14214.6411    	1432.00000    
704.0000      	14204.5455    	1389.36365    
704.5000      	14194.4642    	1485.90906    
705.0000      	14184.3972    	1491.63635    
705.5000      	14174.3444    	1480.63635    
706.0000      	14164.3059    	1514.90906    
706.5000      	14154.2817    	1531.36365    
707.0000      	14144.2716    	1485.36365    
707.5000      	14134.2756    	1462.90906    
708.0000      	14124.2938    	1438.81824    
708.5000      	14114.3260    	1427.09094    
709.0000      	14104.3724    	1511.18176    
709.5000      	14094.4327    	1591.27271    
710.0000      	14084.5070    	1466.72729    
710.5000      	14074.5954    	1487.27271    
711.0000      	14064.6976    	1514.00000    
711.5000      	14054.8138    	1531.27271    
712.0000      	14044.9438    	1492.36365    
712.5000      	14035.0877    	1494.18176    
713.0000      	14025.2454    	1479.27271    
713.5000      	14015.4170    	1580.00000    
714.0000      	14005.6022    	1538.36365    
714.5000      	13995.8013    	1589.27271    
715.0000      	13986.0140    	1416.90906    
715.5000      	13976.2404    	1467.09094    
716.0000      	13966.4804    	1480.09094    
716.5000      	13956.7341    	1501.54541    
717.0000      	13947.0014    	1475.90906    
717.5000      	13937.2822    	1461.36365    
718.0000      	13927.5766    	1497.45459    
718.5000      	13917.8845    	1492.36365    
719.0000      	13908.2058    	1465.27271    
719.5000      	13898.5407    	1486.09094    
720.0000      	13888.8889    	1537.36365    
720.5000      	13879.2505    	1497.18176    
721.0000      	13869.6255    	1479.81824    
721.5000      	13860.0139    	1429.09094    
722.0000      	13850.4155    	1471.27271    
722.5000      	13840.8304    	1330.18176    
723.0000      	13831.2586    	1443.63635    
723.5000      	13821.7001    	1418.09094    
724.0000      	13812.1547    	1405.63635    
724.5000      	13802.6225    	1389.00000    
725.0000      	13793.1034    	1469.90906    
725.5000      	13783.5975    	1455.00000    
726.0000      	13774.1047    	1430.36365    
726.5000      	13764.6249    	1487.27271    
727.0000      	13755.1582    	1416.27271    
727.5000      	13745.7045    	1423.36365    
728.0000      	13736.2637    	1477.90906    
728.5000      	13726.8360    	1478.18176    
729.0000      	13717.4211    	1495.09094    
729.5000      	13708.0192    	1503.54541    
730.0000      	13698.6301    	1494.90906    
730.5000      	13689.2539    	1477.90906    
731.0000      	13679.8906    	1494.63635    
731.5000      	13670.5400    	1465.81824    
732.0000      	13661.2022    	1461.00000    
732.5000      	13651.8771    	1520.00000    
733.0000      	13642.5648    	1439.81824    
733.5000      	13633.2652    	1500.63635    
734.0000      	13623.9782    	1531.72729    
734.5000      	13614.7039    	1450.63635    
735.0000      	13605.4422    	1538.00000    
735.5000      	13596.1931    	1473.00000    
736.0000      	13586.9565    	1519.00000    
736.5000      	13577.7325    	1543.81824    
737.0000      	13568.5210    	1515.36365    
737.5000      	13559.3220    	1449.45459    
738.0000      	13550.1355    	1480.45459    
738.5000      	13540.9614    	1440.63635    
739.0000      	13531.7997    	1416.45459    
739.5000      	13522.6504    	1408.36365    
740.0000      	13513.5135    	1419.18176    
740.5000      	13504.3889    	1370.54541    
741.0000      	13495.2767    	1466.36365    
741.5000      	13486.1767    	1573.45459    
742.0000      	13477.0889    	1600.63635    
742.5000      	13468.0135    	1399.81824    
743.0000      	13458.9502    	1435.81824    
743.5000      	13449.8991    	1500.00000    
744.0000      	13440.8602    	1472.09094    
744.5000      	13431.8334    	1501.90906    
745.0000      	13422.8188    	1452.90906    
745.5000      	13413.8162    	1399.63635    
746.0000      	13404.8257    	1425.36365    
746.5000      	13395.8473    	1473.18176    
747.0000      	13386.8809    	1424.54541    
747.5000      	13377.9264    	1498.45459    
748.0000      	13368.9840    	1430.72729    
748.5000      	13360.0534    	1474.63635    
749.0000      	13351.1348    	1440.00000    
749.5000      	13342.2282    	1409.45459    
750.0000      	13333.3333    	1423.00000    
750.5000      	13324.4504    	1475.09094    
751.0000      	13315.5792    	1494.72729    
751.5000      	13306.7199    	1539.09094    
752.0000      	13297.8723    	1550.54541    
752.5000      	13289.0365    	1580.54541    
753.0000      	13280.2125    	1620.18176    
753.5000      	13271.4001    	1532.81824    
754.0000      	13262.5995    	1465.36365    
754.5000      	13253.8105    	1561.90906    
755.0000      	13245.0331    	1504.63635    
755.5000      	13236.2674    	1474.63635    
756.0000      	13227.5132    	1497.27271    
756.5000      	13218.7707    	1528.18176    
757.0000      	13210.0396    	1496.18176    
757.5000      	13201.3201    	1485.45459    
758.0000      	13192.6121    	1505.81824    
758.5000      	13183.9156    	1491.72729    
759.0000      	13175.2306    	1570.45459    
759.5000      	13166.5569    	1434.90906    
760.0000      	13157.8947    	1479.45459    
760.5000      	13149.2439    	1559.81824    
761.0000      	13140.6045    	1418.45459    
761.5000      	13131.9764    	1572.09094    
762.0000      	13123.3596    	1485.27271    
762.5000      	13114.7541    	1478.72729    
763.0000      	13106.1599    	1454.45459    
763.5000      	13097.5769    	1489.90906    
764.0000      	13089.0052    	1469.45459    
764.5000      	13080.4447    	1387.54541    
765.0000      	13071.8954    	1409.63635    
765.5000      	13063.3573    	1474.18176    
766.0000      	13054.8303    	1480.00000    
766.5000      	13046.3144    	1518.00000    
767.0000      	13037.8096    	1471.81824    
767.5000      	13029.3160    	1398.09094    
768.0000      	13020.8333    	1519.27271    
768.5000      	13012.3617    	1547.09094    
769.0000      	13003.9012    	1499.36365    
769.5000      	12995.4516    	1512.27271    
770.0000      	12987.0130    	1487.54541    
770.5000      	12978.5853    	1456.36365    
771.0000      	12970.1686    	1511.90906    
771.5000      	12961.7628    	1603.90906    
772.0000      	12953.3679    	1471.18176    
772.5000      	12944.9838    	1465.27271    
773.0000      	12936.6106    	1482.00000    
773.5000      	12928.2482    	1491.27271    
774.0000      	12919.8966    	1518.27271    
774.5000      	12911.5558    	1441.63635    
775.0000      	12903.2258    	1494.09094    
775.5000      	12894.9065    	1507.36365    
776.0000      	12886.5979    	1453.00000    
776.5000      	12878.3001    	1468.09094    
777.0000      	12870.0129    	1453.00000    
777.5000      	12861.7363    	1419.00000    
778.0000      	12853.4704    	1452.63635    
778.5000      	12845.2152    	1569.81824    
779.0000      	12836.9705    	1503.18176    
779.5000      	12828.7364    	1556.00000    
780.0000      	12820.5128    	1413.27271    
780.5000      	12812.2998    	1427.72729    
781.0000      	12804.0973    	1425.18176    
781.5000      	12795.9053    	1511.09094    
782.0000      	12787.7238    	1485.72729    
782.5000      	12779.5527    	1441.45459    
783.0000      	12771.3921    	1409.90906    
783.5000      	12763.2419    	1451.54541    
784.0000      	12755.1020    	1431.81824    
784.5000      	12746.9726    	1550.27271    
785.0000      	12738.8535    	1470.36365    
785.5000      	12730.7447    	1438.54541    
786.0000      	12722.6463    	1456.45459    
786.5000      	12714.5582    	1451.18176    
787.0000      	12706.4803    	1526.90906    
787.5000      	12698.4127    	1507.54541    
788.0000      	12690.3553    	1595.72729    
788.5000      	12682.3082    	1502.09094    
789.0000      	12674.2712    	1505.90906    
789.5000      	12666.2445    	1486.90906    
790.0000      	12658.2278    	1468.09094    
790.5000      	12650.2214    	1486.45459    
791.0000      	12642.2250    	1455.63635    
791.5000      	12634.2388    	1487.54541    
792.0000      	12626.2626    	1530.00000    
792.5000      	12618.2965    	1464.81824    
793.0000      	12610.3405    	1432.27271    
793.5000      	12602.3945    	1430.27271    
794.0000      	12594.4584    	1507.90906    
794.5000      	12586.5324    	1517.27271    
795.0000      	12578.6164    	1524.81824    
795.5000      	12570.7102    	1493.18176    
796.0000      	12562.8141    	1436.27271    
796.5000      	12554.9278    	1420.90906    
797.0000      	12547.0514    	1504.72729    
797.5000      	12539.1850    	1473.18176    
798.0000      	12531.3283    	1474.72729    
798.5000      	12523.4815    	1424.63635    
799.0000      	12515.6446    	1404.09094    
799.5000      	12507.8174    	1513.27271    
800.0000      	12500.0000    	1556.54541    
