350.0000      	28571.4286    	2055.90918    
350.5000      	28530.6705    	2036.81824    
351.0000      	28490.0285    	1979.54541    
351.5000      	28449.5021    	2028.90906    
352.0000      	28409.0909    	2003.09094    
352.5000      	28368.7943    	1970.18176    
353.0000      	28328.6119    	1929.45459    
353.5000      	28288.5431    	2019.18176    
354.0000      	28248.5876    	1907.18176    
354.5000      	28208.7447    	1886.00000    
355.0000      	28169.0141    	1927.27271    
355.5000      	28129.3952    	1983.27271    
356.0000      	28089.8876    	1825.90906    
356.5000      	28050.4909    	1911.45459    
357.0000      	28011.2045    	1899.27271    
357.5000      	27972.0280    	1916.27271    
358.0000      	27932.9609    	1964.36365    
358.5000      	27894.0028    	2142.90918    
359.0000      	27855.1532    	1961.36365    
359.5000      	27816.4117    	1974.81824    
360.0000      	27777.7778    	1943.27271    
360.5000      	27739.2510    	1979.72729    
361.0000      	27700.8310    	1957.81824    
361.5000      	27662.5173    	2073.18188    
362.0000      	27624.3094    	1994.63635    
362.5000      	27586.2069    	2037.45459    
363.0000      	27548.2094    	2054.00000    
363.5000      	27510.3164    	1924.36365    
364.0000      	27472.5275    	1814.00000    
364.5000      	27434.8422    	1852.27271    
365.0000      	27397.2603    	1941.00000    
365.5000      	27359.7811    	1989.81824    
366.0000      	27322.4044    	1996.54541    
366.5000      	27285.1296    	1971.63635    
367.0000      	27247.9564    	1941.00000    
367.5000      	27210.8844    	2104.45459    
368.0000      	27173.9130    	1958.72729    
368.5000      	27137.0421    	2117.45459    
369.0000      	27100.2710    	1985.90906    
369.5000      	27063.5995    	1946.18176    
370.0000      	27027.0270    	2087.18188    
370.5000      	26990.5533    	1873.27271    
371.0000      	26954.1779    	1984.90906    
371.5000      	26917.9004    	1896.90906    
372.0000      	26881.7204    	1905.09094    
372.5000      	26845.6376    	2001.54541    
373.0000      	26809.6515    	1913.54541    
373.5000      	26773.7617    	2000.27271    
374.0000      	26737.9679    	2126.36353    
374.5000      	26702.2697    	1976.81824    
375.0000      	26666.6667    	1914.90906    
375.5000      	26631.1585    	1956.81824    
376.0000      	26595.7447    	1949.27271    
376.5000      	26560.4250    	1900.63635    
377.0000      	26525.1989    	1983.09094    
377.5000      	26490.0662    	1943.54541    
378.0000      	26455.0265    	1926.18176    
378.5000      	26420.0793    	1952.27271    
379.0000      	26385.2243    	1968.45459    
379.5000      	26350.4611    	1958.27271    
380.0000      	26315.7895    	1904.63635    
380.5000      	26281.2089    	1948.54541    
381.0000      	26246.7192    	1943.81824    
381.5000      	26212.3198    	1892.54541    
382.0000      	26178.0105    	1949.54541    
382.5000      	26143.7908    	2005.81824    
383.0000      	26109.6606    	2025.27271    
383.5000      	26075.6193    	1942.72729    
384.0000      	26041.6667    	2116.00000    
384.5000      	26007.8023    	1933.45459    
385.0000      	25974.0260    	1923.63635    
385.5000      	25940.3372    	1907.81824    
386.0000      	25906.7358    	1874.90906    
386.5000      	25873.2212    	1945.90906    
387.0000      	25839.7933    	1972.81824    
387.5000      	25806.4516    	1923.63635    
388.0000      	25773.1959    	2004.54541    
388.5000      	25740.0257    	2000.72729    
389.0000      	25706.9409    	1931.18176    
389.5000      	25673.9409    	1975.45459    
390.0000      	25641.0256    	1954.72729    
390.5000      	25608.1946    	1961.27271    
391.0000      	25575.4476    	1983.00000    
391.5000      	25542.7842    	2071.81812    
392.0000      	25510.2041    	1916.72729    
392.5000      	25477.7070    	1913.09094    
393.0000      	25445.2926    	2011.81824    
393.5000      	25412.9606    	1913.00000    
394.0000      	25380.7107    	2086.27271    
394.5000      	25348.5425    	1907.09094    
395.0000      	25316.4557    	1999.27271    
395.5000      	25284.4501    	1930.90906    
396.0000      	25252.5253    	2068.81812    
396.5000      	25220.6810    	1937.63635    
397.0000      	25188.9169    	2018.81824    
397.5000      	25157.2327    	2020.81824    
398.0000      	25125.6281    	1968.45459    
398.5000      	25094.1029    	1939.90906    
399.0000      	25062.6566    	1998.36365    
399.5000      	25031.2891    	2078.36353    
400.0000      	25000.0000    	2051.81812    
400.5000      	24968.7890    	1940.00000    
401.0000      	24937.6559    	1933.18176    
401.5000      	24906.6002    	2020.54541    
402.0000      	24875.6219    	2072.81812    
402.5000      	24844.7205    	2000.27271    
403.0000      	24813.8958    	1833.63635    
403.5000      	24783.1475    	1974.36365    
404.0000      	24752.4752    	1954.27271    
404.5000      	24721.8789    	2048.63647    
405.0000      	24691.3580    	1981.72729    
405.5000      	24660.9125    	1931.54541    
406.0000      	24630.5419    	1919.81824    
406.5000      	24600.2460    	1891.45459    
407.0000      	24570.0246    	2009.18176    
407.5000      	24539.8773    	1901.18176    
408.0000      	24509.8039    	1879.72729    
408.5000      	24479.8042    	1900.81824    
409.0000      	24449.8778    	1866.72729    
409.5000      	24420.0244    	1981.36365    
410.0000      	24390.2439    	1955.45459    
410.5000      	24360.5359    	2043.09094    
411.0000      	24330.9002    	1993.27271    
411.5000      	24301.3366    	1983.63635    
412.0000      	24271.8447    	2031.81824    
412.5000      	24242.4242    	1912.90906    
413.0000      	24213.0751    	2021.00000    
413.5000      	24183.7969    	1968.00000    
414.0000      	24154.5894    	1945.36365    
414.5000      	24125.4524    	1912.63635    
415.0000      	24096.3855    	1857.72729    
415.5000      	24067.3887    	1947.27271    
416.0000      	24038.4615    	1974.90906    
416.5000      	24009.6038    	1990.09094    
417.0000      	23980.8153    	1964.63635    
417.5000      	23952.0958    	1900.36365    
418.0000      	23923.4450    	2003.72729    
418.5000      	23894.8626    	1994.27271    
419.0000      	23866.3484    	1976.63635    
419.5000      	23837.9023    	1885.00000    
420.0000      	23809.5238    	1935.63635    
420.5000      	23781.2128    	1987.54541    
421.0000      	23752.9691    	1906.45459    
421.5000      	23724.7924    	1909.81824    
422.0000      	23696.6825    	2030.27271    
422.5000      	23668.6391    	1995.54541    
423.0000      	23640.6619    	1998.81824    
423.5000      	23612.7509    	1882.36365    
424.0000      	23584.9057    	1962.27271    
424.5000      	23557.1260    	2023.45459    
425.0000      	23529.4118    	1883.00000    
425.5000      	23501.7626    	1904.72729    
426.0000      	23474.1784    	1912.81824    
426.5000      	23446.6589    	1906.72729    
427.0000      	23419.2037    	1912.63635    
427.5000      	23391.8129    	1992.72729    
428.0000      	23364.4860    	1888.63635    
428.5000      	23337.2229    	1938.27271    
429.0000      	23310.0233    	2101.09082    
429.5000      	23282.8871    	1998.90906    
430.0000      	23255.8140    	1935.54541    
430.5000      	23228.8037    	1973.18176    
431.0000      	23201.8561    	2087.36353    
431.5000      	23174.9710    	1893.27271    
432.0000      	23148.1481    	1853.00000    
432.5000      	23121.3873    	1922.45459    
433.0000      	23094.6882    	1827.27271    
433.5000      	23068.0507    	1905.63635    
434.0000      	23041.4747    	2044.72729    
434.5000      	23014.9597    	1913.45459    
435.0000      	22988.5057    	1945.81824    
435.5000      	22962.1125    	2062.36353    
436.0000      	22935.7798    	1986.54541    
436.5000      	22909.5074    	1869.18176    
437.0000      	22883.2952    	1866.72729    
437.5000      	22857.1429    	1892.36365    
438.0000      	22831.0502    	1861.18176    
438.5000      	22805.0171    	1822.09094    
439.0000      	22779.0433    	1862.45459    
439.5000      	22753.1286    	1814.63635    
440.0000      	22727.2727    	2129.09082    
440.5000      	22701.4756    	2006.72729    
441.0000      	22675.7370    	2119.90918    
441.5000      	22650.0566    	1879.54541    
442.0000      	22624.4344    	1874.81824    
442.5000      	22598.8701    	2069.27271    
443.0000      	22573.3634    	1995.72729    
443.5000      	22547.9143    	1980.36365    
444.0000      	22522.5225    	1952.36365    
444.5000      	22497.1879    	1991.63635    
445.0000      	22471.9101    	1994.54541    
445.5000      	22446.6891    	1781.18176    
446.0000      	22421.5247    	1855.09094    
446.5000      	22396.4166    	1981.90906    
447.0000      	22371.3647    	1902.81824    
447.5000      	22346.3687    	1952.36365    
448.0000      	22321.4286    	1953.09094    
448.5000      	22296.5440    	1858.72729    
449.0000      	22271.7149    	1933.81824    
449.5000      	22246.9410    	2060.63647    
450.0000      	22222.2222    	1927.36365    
450.5000      	22197.5583    	2014.00000    
451.0000      	22172.9490    	2001.09094    
451.5000      	22148.3942    	1985.72729    
452.0000      	22123.8938    	1907.27271    
452.5000      	22099.4475    	1930.00000    
453.0000      	22075.0552    	1931.27271    
453.5000      	22050.7166    	1894.09094    
454.0000      	22026.4317    	1831.36365    
454.5000      	22002.2002    	1856.54541    
455.0000      	21978.0220    	1943.81824    
455.5000      	21953.8968    	1976.09094    
456.0000      	21929.8246    	1948.45459    
456.5000      	21905.8050    	1977.54541    
457.0000      	21881.8381    	2060.45459    
457.5000      	21857.9235    	2040.81824    
458.0000      	21834.0611    	1964.54541    
458.5000      	21810.2508    	1871.63635    
459.0000      	21786.4924    	2082.54541    
459.5000      	21762.7856    	1899.63635    
460.0000      	21739.1304    	2007.18176    
460.5000      	21715.5266    	1937.81824    
461.0000      	21691.9740    	1939.09094    
461.5000      	21668.4724    	2046.27271    
462.0000      	21645.0216    	2020.00000    
462.5000      	21621.6216    	1867.90906    
463.0000      	21598.2721    	1952.54541    
463.5000      	21574.9730    	1924.81824    
464.0000      	21551.7241    	1893.72729    
464.5000      	21528.5253    	1963.18176    
465.0000      	21505.3763    	2047.27271    
465.5000      	21482.2771    	1892.27271    
466.0000      	21459.2275    	2366.27271    
466.5000      	21436.2272    	1845.27271    
467.0000      	21413.2762    	1902.18176    
467.5000      	21390.3743    	2002.81824    
468.0000      	21367.5214    	1935.00000    
468.5000      	21344.7172    	1930.36365    
469.0000      	21321.9616    	2088.63647    
469.5000      	21299.2545    	1960.36365    
470.0000      	21276.5957    	1892.90906    
470.5000      	21253.9851    	2046.27271    
471.0000      	21231.4225    	1970.90906    
471.5000      	21208.9077    	1854.45459    
472.0000      	21186.4407    	1806.36365    
472.5000      	21164.0212    	1916.27271    
473.0000      	21141.6490    	1957.72729    
473.5000      	21119.3242    	1871.81824    
474.0000      	21097.0464    	2023.18176    
474.5000      	21074.8156    	1937.63635    
475.0000      	21052.6316    	1825.27271    
475.5000      	21030.4942    	1935.00000    
476.0000      	21008.4034    	1887.00000    
476.5000      	20986.3589    	1905.63635    
477.0000      	20964.3606    	1949.81824    
477.5000      	20942.4084    	1997.54541    
478.0000      	20920.5021    	2005.27271    
478.5000      	20898.6416    	1969.45459    
479.0000      	20876.8267    	1913.72729    
479.5000      	20855.0574    	1911.90906    
480.0000      	20833.3333    	1887.54541    
480.5000      	20811.6545    	1916.54541    
481.0000      	20790.0208    	1970.72729    
481.5000      	20768.4320    	1877.63635    
482.0000      	20746.8880    	1902.81824    
482.5000      	20725.3886    	2020.63635    
483.0000      	20703.9337    	1926.00000    
483.5000      	20682.5233    	1973.09094    
484.0000      	20661.1570    	1992.18176    
484.5000      	20639.8349    	1938.18176    
485.0000      	20618.5567    	1937.72729    
485.5000      	20597.3223    	2020.90906    
486.0000      	20576.1317    	2039.90906    
486.5000      	20554.9846    	1842.36365    
487.0000      	20533.8809    	1896.72729    
487.5000      	20512.8205    	1911.63635    
488.0000      	20491.8033    	2087.36353    
488.5000      	20470.8291    	1884.00000    
489.0000      	20449.8978    	1890.00000    
489.5000      	20429.0092    	2008.09094    
490.0000      	20408.1633    	1998.90906    
490.5000      	20387.3598    	1941.54541    
491.0000      	20366.5988    	1918.27271    
491.5000      	20345.8800    	2034.09094    
492.0000      	20325.2033    	1923.81824    
492.5000      	20304.5685    	1910.09094    
493.0000      	20283.9757    	2077.81812    
493.5000      	20263.4245    	1839.36365    
494.0000      	20242.9150    	1927.72729    
494.5000      	20222.4469    	1959.18176    
495.0000      	20202.0202    	1972.72729    
495.5000      	20181.6347    	1896.81824    
496.0000      	20161.2903    	1968.45459    
496.5000      	20140.9869    	1943.36365    
497.0000      	20120.7243    	1908.72729    
497.5000      	20100.5025    	2069.90918    
498.0000      	20080.3213    	1912.72729    
498.5000      	20060.1805    	1862.63635    
499.0000      	20040.0802    	2122.90918    
499.5000      	20020.0200    	1996.63635    
500.0000      	20000.0000    	1867.27271    
500.5000      	19980.0200    	1915.18176    
501.0000      	19960.0798    	1966.36365    
501.5000      	19940.1795    	1925.81824    
502.0000      	19920.3187    	1954.54541    
502.5000      	19900.4975    	1886.00000    
503.0000      	19880.7157    	1809.72729    
503.5000      	19860.9732    	1871.54541    
504.0000      	19841.2698    	1876.81824    
504.5000      	19821.6056    	2010.81824    
505.0000      	19801.9802    	1941.90906    
505.5000      	19782.3937    	1886.36365    
506.0000      	19762.8458    	1898.54541    
506.5000      	19743.3366    	1822.18176    
507.0000      	19723.8659    	1919.09094    
507.5000      	19704.4335    	1989.45459    
508.0000      	19685.0394    	1997.54541    
508.5000      	19665.6834    	1851.54541    
509.0000      	19646.3654    	1914.09094    
509.5000      	19627.0854    	2055.54541    
510.0000      	19607.8431    	2139.27271    
510.5000      	19588.6386    	1925.09094    
511.0000      	19569.4716    	1907.00000    
511.5000      	19550.3421    	2041.72729    
512.0000      	19531.2500    	2078.27271    
512.5000      	19512.1951    	1854.90906    
513.0000      	19493.1774    	1854.90906    
513.5000      	19474.1967    	1879.54541    
514.0000      	19455.2529    	1956.45459    
514.5000      	19436.3460    	1896.18176    
515.0000      	19417.4757    	1862.54541    
515.5000      	19398.6421    	2006.00000    
516.0000      	19379.8450    	1872.63635    
516.5000      	19361.0842    	1916.54541    
517.0000      	19342.3598    	1873.54541    
517.5000      	19323.6715    	1954.54541    
518.0000      	19305.0193    	1855.18176    
518.5000      	19286.4031    	1821.09094    
519.0000      	19267.8227    	1802.27271    
519.5000      	19249.2782    	1905.27271    
520.0000      	19230.7692    	1911.63635    
520.5000      	19212.2959    	1908.27271    
521.0000      	19193.8580    	1924.27271    
521.5000      	19175.4554    	1864.45459    
522.0000      	19157.0881    	1932.90906    
522.5000      	19138.7560    	1940.63635    
523.0000      	19120.4589    	1946.27271    
523.5000      	19102.1968    	1860.45459    
524.0000      	19083.9695    	1918.81824    
524.5000      	19065.7769    	1889.00000    
525.0000      	19047.6190    	1943.63635    
525.5000      	19029.4957    	1843.81824    
526.0000      	19011.4068    	1859.36365    
526.5000      	18993.3523    	2055.81812    
527.0000      	18975.3321    	1878.00000    
527.5000      	18957.3460    	1779.72729    
528.0000      	18939.3939    	1904.36365    
528.5000      	18921.4759    	1996.72729    
529.0000      	18903.5917    	1881.90906    
529.5000      	18885.7413    	1910.63635    
530.0000      	18867.9245    	1873.18176    
530.5000      	18850.1414    	1847.90906    
531.0000      	18832.3917    	1975.72729    
531.5000      	18814.6754    	1907.54541    
532.0000      	18796.9925    	1986.36365    
532.5000      	18779.3427    	1866.81824    
533.0000      	18761.7261    	1899.27271    
533.5000      	18744.1425    	1872.90906    
534.0000      	18726.5918    	1931.36365    
534.5000      	18709.0739    	1868.18176    
535.0000      	18691.5888    	1993.81824    
535.5000      	18674.1363    	1871.81824    
536.0000      	18656.7164    	1973.54541    
536.5000      	18639.3290    	1881.81824    
537.0000      	18621.9739    	1903.45459    
537.5000      	18604.6512    	1945.63635    
538.0000      	18587.3606    	1902.90906    
538.5000      	18570.1021    	1872.63635    
539.0000      	18552.8757    	1907.72729    
539.5000      	18535.6812    	1946.72729    
540.0000      	18518.5185    	1818.72729    
540.5000      	18501.3876    	1865.90906    
541.0000      	18484.2884    	1925.81824    
541.5000      	18467.2207    	1892.54541    
542.0000      	18450.1845    	1963.72729    
542.5000      	18433.1797    	1829.63635    
543.0000      	18416.2063    	1940.63635    
543.5000      	18399.2640    	1958.54541    
544.0000      	18382.3529    	1882.90906    
544.5000      	18365.4729    	1864.09094    
545.0000      	18348.6239    	2008.00000    
545.5000      	18331.8057    	1913.27271    
546.0000      	18315.0183    	2021.18176    
546.5000      	18298.2617    	1925.63635    
547.0000      	18281.5356    	1934.72729    
547.5000      	18264.8402    	1911.36365    
548.0000      	18248.1752    	1935.45459    
548.5000      	18231.5406    	1864.27271    
549.0000      	18214.9362    	1970.27271    
549.5000      	18198.3621    	1989.09094    
550.0000      	18181.8182    	1903.81824    
550.5000      	18165.3043    	1952.90906    
551.0000      	18148.8203    	1804.81824    
551.5000      	18132.3663    	1920.63635    
552.0000      	18115.9420    	1866.09094    
552.5000      	18099.5475    	1900.36365    
553.0000      	18083.1826    	1840.63635    
553.5000      	18066.8473    	2101.09082    
554.0000      	18050.5415    	1993.63635    
554.5000      	18034.2651    	1912.72729    
555.0000      	18018.0180    	1833.90906    
555.5000      	18001.8002    	1849.27271    
556.0000      	17985.6115    	1842.90906    
556.5000      	17969.4519    	1801.09094    
557.0000      	17953.3214    	1864.18176    
557.5000      	17937.2197    	1906.63635    
558.0000      	17921.1470    	1907.72729    
558.5000      	17905.1030    	1899.81824    
559.0000      	17889.0877    	1923.00000    
559.5000      	17873.1010    	2064.36353    
560.0000      	17857.1429    	1977.18176    
560.5000      	17841.2132    	1885.45459    
561.0000      	17825.3119    	1992.27271    
561.5000      	17809.4390    	1818.63635    
562.0000      	17793.5943    	1981.27271    
562.5000      	17777.7778    	1970.63635    
563.0000      	17761.9893    	1912.63635    
563.5000      	17746.2289    	1824.18176    
564.0000      	17730.4965    	1957.81824    
564.5000      	17714.7919    	1958.00000    
565.0000      	17699.1150    	1834.27271    
565.5000      	17683.4660    	1828.90906    
566.0000      	17667.8445    	1982.72729    
566.5000      	17652.2507    	1865.36365    
567.0000      	17636.6843    	1861.54541    
567.5000      	17621.1454    	1875.36365    
568.0000      	17605.6338    	1905.18176    
568.5000      	17590.1495    	1865.63635    
569.0000      	17574.6924    	1903.81824    
569.5000      	17559.2625    	1884.90906    
570.0000      	17543.8596    	1878.45459    
570.5000      	17528.4838    	1830.90906    
571.0000      	17513.1349    	1900.90906    
571.5000      	17497.8128    	1983.00000    
572.0000      	17482.5175    	1868.27271    
572.5000      	17467.2489    	2057.90918    
573.0000      	17452.0070    	1822.09094    
573.5000      	17436.7916    	1959.27271    
574.0000      	17421.6028    	1880.45459    
574.5000      	17406.4404    	1863.36365    
575.0000      	17391.3043    	1898.45459    
575.5000      	17376.1946    	1873.72729    
576.0000      	17361.1111    	1923.36365    
576.5000      	17346.0538    	1861.72729    
577.0000      	17331.0225    	1868.09094    
577.5000      	17316.0173    	1812.09094    
578.0000      	17301.0381    	1909.36365    
578.5000      	17286.0847    	1895.18176    
579.0000      	17271.1572    	1966.63635    
579.5000      	17256.2554    	1897.00000    
580.0000      	17241.3793    	2204.00000    
580.5000      	17226.5289    	1983.63635    
581.0000      	17211.7040    	1951.09094    
581.5000      	17196.9046    	1826.90906    
582.0000      	17182.1306    	1900.63635    
582.5000      	17167.3820    	1931.63635    
583.0000      	17152.6587    	1860.45459    
583.5000      	17137.9606    	2001.54541    
584.0000      	17123.2877    	1868.09094    
584.5000      	17108.6399    	1807.09094    
585.0000      	17094.0171    	1844.27271    
585.5000      	17079.4193    	1780.36365    
586.0000      	17064.8464    	1879.27271    
586.5000      	17050.2984    	1875.45459    
587.0000      	17035.7751    	1884.90906    
587.5000      	17021.2766    	1895.54541    
588.0000      	17006.8027    	1930.00000    
588.5000      	16992.3534    	1926.54541    
589.0000      	16977.9287    	1947.45459    
589.5000      	16963.5284    	1949.63635    
590.0000      	16949.1525    	2080.63647    
590.5000      	16934.8010    	1962.81824    
591.0000      	16920.4738    	1908.36365    
591.5000      	16906.1708    	2005.18176    
592.0000      	16891.8919    	1901.18176    
592.5000      	16877.6371    	1942.81824    
593.0000      	16863.4064    	1903.18176    
593.5000      	16849.1997    	1923.72729    
594.0000      	16835.0168    	1813.54541    
594.5000      	16820.8579    	2098.90918    
595.0000      	16806.7227    	1922.90906    
595.5000      	16792.6113    	1836.36365    
596.0000      	16778.5235    	2041.90906    
596.5000      	16764.4593    	1970.72729    
597.0000      	16750.4188    	1896.90906    
597.5000      	16736.4017    	1848.72729    
598.0000      	16722.4080    	2005.27271    
598.5000      	16708.4378    	2008.00000    
599.0000      	16694.4908    	1999.45459    
599.5000      	16680.5671    	1905.72729    
600.0000      	16666.6667    	1942.54541    
600.5000      	16652.7893    	1946.18176    
601.0000      	16638.9351    	2028.72729    
601.5000      	16625.1039    	1870.27271    
602.0000      	16611.2957    	1851.72729    
602.5000      	16597.5104    	1887.72729    
603.0000      	16583.7479    	1883.18176    
603.5000      	16570.0083    	1829.72729    
604.0000      	16556.2914    	1860.36365    
604.5000      	16542.5972    	2044.81824    
605.0000      	16528.9256    	2065.54541    
605.5000      	16515.2766    	1905.90906    
606.0000      	16501.6502    	1884.27271    
606.5000      	16488.0462    	1901.36365    
607.0000      	16474.4646    	1881.18176    
607.5000      	16460.9053    	1982.18176    
608.0000      	16447.3684    	2081.27271    
608.5000      	16433.8537    	1915.63635    
609.0000      	16420.3612    	2023.90906    
609.5000      	16406.8909    	1880.18176    
610.0000      	16393.4426    	1988.36365    
610.5000      	16380.0164    	2086.54541    
611.0000      	16366.6121    	1836.63635    
611.5000      	16353.2298    	1911.36365    
612.0000      	16339.8693    	1924.00000    
612.5000      	16326.5306    	2003.54541    
613.0000      	16313.2137    	1889.27271    
613.5000      	16299.9185    	2019.09094    
614.0000      	16286.6450    	1896.72729    
614.5000      	16273.3930    	1923.90906    
615.0000      	16260.1626    	1883.63635    
615.5000      	16246.9537    	1851.09094    
616.0000      	16233.7662    	1898.72729    
616.5000      	16220.6002    	1861.00000    
617.0000      	16207.4554    	1944.63635    
617.5000      	16194.3320    	1886.45459    
618.0000      	16181.2298    	1777.90906    
618.5000      	16168.1487    	1968.45459    
619.0000      	16155.0889    	1926.54541    
619.5000      	16142.0500    	1870.00000    
620.0000      	16129.0323    	1916.81824    
620.5000      	16116.0355    	2027.54541    
621.0000      	16103.0596    	1879.36365    
621.5000      	16090.1046    	1791.00000    
622.0000      	16077.1704    	1849.81824    
622.5000      	16064.2570    	1982.18176    
623.0000      	16051.3644    	1933.27271    
623.5000      	16038.4924    	1862.45459    
624.0000      	16025.6410    	1932.45459    
624.5000      	16012.8102    	2063.18188    
625.0000      	16000.0000    	1950.36365    
625.5000      	15987.2102    	1847.45459    
626.0000      	15974.4409    	1925.81824    
626.5000      	15961.6919    	1874.90906    
627.0000      	15948.9633    	1915.63635    
627.5000      	15936.2550    	1954.27271    
628.0000      	15923.5669    	1969.45459    
628.5000      	15910.8990    	1841.18176    
629.0000      	15898.2512    	1929.45459    
629.5000      	15885.6235    	1857.45459    
630.0000      	15873.0159    	1847.45459    
630.5000      	15860.4282    	1900.54541    
631.0000      	15847.8605    	1901.09094    
631.5000      	15835.3127    	1869.09094    
632.0000      	15822.7848    	1930.27271    
632.5000      	15810.2767    	1939.27271    
633.0000      	15797.7883    	1850.00000    
633.5000      	15785.3197    	1798.27271    
634.0000      	15772.8707    	2006.81824    
634.5000      	15760.4413    	1963.72729    
635.0000      	15748.0315    	1902.36365    
635.5000      	15735.6412    	1998.72729    
636.0000      	15723.2704    	1984.45459    
636.5000      	15710.9191    	1908.90906    
637.0000      	15698.5871    	2043.54541    
637.5000      	15686.2745    	1992.72729    
638.0000      	15673.9812    	1926.45459    
638.5000      	15661.7071    	1868.45459    
639.0000      	15649.4523    	1996.00000    
639.5000      	15637.2166    	1935.09094    
640.0000      	15625.0000    	2039.81824    
640.5000      	15612.8025    	1994.90906    
641.0000      	15600.6240    	1909.63635    
641.5000      	15588.4645    	1966.81824    
642.0000      	15576.3240    	1788.81824    
642.5000      	15564.2023    	1945.45459    
643.0000      	15552.0995    	1794.81824    
643.5000      	15540.0155    	1804.09094    
644.0000      	15527.9503    	1870.36365    
644.5000      	15515.9038    	1952.36365    
645.0000      	15503.8760    	1860.36365    
645.5000      	15491.8668    	1934.54541    
646.0000      	15479.8762    	1877.27271    
646.5000      	15467.9041    	1907.54541    
647.0000      	15455.9505    	1855.18176    
647.5000      	15444.0154    	1935.18176    
648.0000      	15432.0988    	1930.45459    
648.5000      	15420.2005    	2003.72729    
649.0000      	15408.3205    	1910.27271    
649.5000      	15396.4588    	1968.90906    
650.0000      	15384.6154    	1900.00000    
650.5000      	15372.7902    	1852.63635    
651.0000      	15360.9831    	1865.54541    
651.5000      	15349.1942    	1817.72729    
652.0000      	15337.4233    	2002.36365    
652.5000      	15325.6705    	1874.54541    
653.0000      	15313.9357    	1865.81824    
653.5000      	15302.2188    	1927.00000    
654.0000      	15290.5199    	1866.09094    
654.5000      	15278.8388    	1817.09094    
655.0000      	15267.1756    	1790.63635    
655.5000      	15255.5301    	1896.09094    
656.0000      	15243.9024    	1899.72729    
656.5000      	15232.2925    	1884.63635    
657.0000      	15220.7002    	1835.27271    
657.5000      	15209.1255    	2046.27271    
658.0000      	15197.5684    	1913.09094    
658.5000      	15186.0289    	1879.18176    
659.0000      	15174.5068    	1808.81824    
659.5000      	15163.0023    	1960.27271    
660.0000      	15151.5152    	1869.63635    
660.5000      	15140.0454    	1887.90906    
661.0000      	15128.5930    	1981.09094    
661.5000      	15117.1580    	2005.81824    
662.0000      	15105.7402    	1965.09094    
662.5000      	15094.3396    	2010.81824    
663.0000      	15082.9563    	1912.72729    
663.5000      	15071.5901    	1913.27271    
664.0000      	15060.2410    	1909.54541    
664.5000      	15048.9090    	1849.81824    
665.0000      	15037.5940    	1928.63635    
665.5000      	15026.2960    	1918.09094    
666.0000      	15015.0150    	1907.81824    
666.5000      	15003.7509    	1910.54541    
667.0000      	14992.5037    	1922.27271    
667.5000      	14981.2734    	1975.09094    
668.0000      	14970.0599    	1933.09094    
668.5000      	14958.8631    	1851.18176    
669.0000      	14947.6831    	1884.63635    
669.5000      	14936.5198    	1844.18176    
670.0000      	14925.3731    	1850.63635    
670.5000      	14914.2431    	1922.54541    
671.0000      	14903.1297    	1983.00000    
671.5000      	14892.0328    	1885.18176    
672.0000      	14880.9524    	1877.63635    
672.5000      	14869.8885    	1872.09094    
673.0000      	14858.8410    	1905.81824    
673.5000      	14847.8099    	1894.90906    
674.0000      	14836.7953    	1955.27271    
674.5000      	14825.7969    	2074.09082    
675.0000      	14814.8148    	2035.54541    
675.5000      	14803.8490    	1924.09094    
676.0000      	14792.8994    	1925.00000    
676.5000      	14781.9660    	1999.09094    
677.0000      	14771.0487    	2077.63647    
677.5000      	14760.1476    	2004.63635    
678.0000      	14749.2625    	1972.45459    
678.5000      	14738.3935    	1935.45459    
679.0000      	14727.5405    	2116.00000    
679.5000      	14716.7035    	1994.81824    
680.0000      	14705.8824    	1945.90906    
680.5000      	14695.0771    	1865.54541    
681.0000      	14684.2878    	1888.36365    
681.5000      	14673.5143    	1983.63635    
682.0000      	14662.7566    	1948.54541    
682.5000      	14652.0147    	1994.54541    
683.0000      	14641.2884    	1941.90906    
683.5000      	14630.5779    	1942.09094    
684.0000      	14619.8830    	1882.00000    
684.5000      	14609.2038    	1956.45459    
685.0000      	14598.5401    	1935.54541    
685.5000      	14587.8920    	1821.54541    
686.0000      	14577.2595    	1889.90906    
686.5000      	14566.6424    	1864.72729    
687.0000      	14556.0408    	1855.63635    
687.5000      	14545.4545    	1800.00000    
688.0000      	14534.8837    	2005.90906    
688.5000      	14524.3282    	2144.54541    
689.0000      	14513.7881    	1865.36365    
689.5000      	14503.2632    	1872.72729    
690.0000      	14492.7536    	2069.18188    
690.5000      	14482.2592    	1885.36365    
691.0000      	14471.7800    	1949.90906    
691.5000      	14461.3160    	1888.00000    
692.0000      	14450.8671    	1928.81824    
692.5000      	14440.4332    	2142.00000    
693.0000      	14430.0144    	2000.09094    
693.5000      	14419.6107    	1927.63635    
694.0000      	14409.2219    	2044.00000    
694.5000      	14398.8481    	1946.72729    
695.0000      	14388.4892    	1898.72729    
695.5000      	14378.1452    	1893.45459    
696.0000      	14367.8161    	1846.45459    
696.5000      	14357.5018    	1954.81824    
697.0000      	14347.2023    	1904.63635    
697.5000      	14336.9176    	1934.81824    
698.0000      	14326.6476    	1993.81824    
698.5000      	14316.3923    	1971.18176    
699.0000      	14306.1516    	1937.54541    
699.5000      	14295.9257    	1936.45459    
700.0000      	14285.7143    	1914.09094    
700.5000      	14275.5175    	1967.09094    
701.0000      	14265.3352    	2104.90918    
701.5000      	14255.1675    	1890.00000    
702.0000      	14245.0142    	1909.90906    
702.5000      	14234.8754    	1899.36365    
703.0000      	14224.7511    	1866.09094    
703.5000      	14214.6411    	1873.18176    
704.0000      	14204.5455    	1772.81824    
704.5000      	14194.4642    	1939.18176    
705.0000      	14184.3972    	1957.36365    
705.5000      	14174.3444    	1911.63635    
706.0000      	14164.3059    	2035.00000    
706.5000      	14154.2817    	2010.18176    
707.0000      	14144.2716    	1938.27271    
707.5000      	14134.2756    	1954.90906    
708.0000      	14124.2938    	1879.81824    
708.5000      	14114.3260    	1868.63635    
709.0000      	14104.3724    	1969.72729    
709.5000      	14094.4327    	2094.45459    
710.0000      	14084.5070    	1916.18176    
710.5000      	14074.5954    	1924.81824    
711.0000      	14064.6976    	1999.27271    
711.5000      	14054.8138    	2025.54541    
712.0000      	14044.9438    	1969.27271    
712.5000      	14035.0877    	1976.00000    
713.0000      	14025.2454    	1920.45459    
713.5000      	14015.4170    	2091.00000    
714.0000      	14005.6022    	1988.81824    
714.5000      	13995.8013    	2045.45459    
715.0000      	13986.0140    	1859.54541    
715.5000      	13976.2404    	1884.72729    
716.0000      	13966.4804    	1964.36365    
716.5000      	13956.7341    	1948.00000    
717.0000      	13947.0014    	1939.09094    
717.5000      	13937.2822    	1894.27271    
718.0000      	13927.5766    	1949.36365    
718.5000      	13917.8845    	1959.90906    
719.0000      	13908.2058    	1899.54541    
719.5000      	13898.5407    	1970.63635    
720.0000      	13888.8889    	2046.45459    
720.5000      	13879.2505    	1958.18176    
721.0000      	13869.6255    	1909.27271    
721.5000      	13860.0139    	1909.90906    
722.0000      	13850.4155    	1925.63635    
722.5000      	13840.8304    	1758.72729    
723.0000      	13831.2586    	1872.72729    
723.5000      	13821.7001    	1848.81824    
724.0000      	13812.1547    	1842.00000    
724.5000      	13802.6225    	1844.09094    
725.0000      	13793.1034    	1950.00000    
725.5000      	13783.5975    	1918.63635    
726.0000      	13774.1047    	1850.72729    
726.5000      	13764.6249    	1930.72729    
727.0000      	13755.1582    	1860.36365    
727.5000      	13745.7045    	1891.00000    
728.0000      	13736.2637    	1936.90906    
728.5000      	13726.8360    	1936.90906    
729.0000      	13717.4211    	1959.09094    
729.5000      	13708.0192    	1947.63635    
730.0000      	13698.6301    	1933.63635    
730.5000      	13689.2539    	1935.36365    
731.0000      	13679.8906    	1970.63635    
731.5000      	13670.5400    	1938.90906    
732.0000      	13661.2022    	1895.72729    
732.5000      	13651.8771    	1983.72729    
733.0000      	13642.5648    	1932.63635    
733.5000      	13633.2652    	2005.00000    
734.0000      	13623.9782    	1988.18176    
734.5000      	13614.7039    	1878.90906    
735.0000      	13605.4422    	1959.90906    
735.5000      	13596.1931    	1881.72729    
736.0000      	13586.9565    	1955.18176    
736.5000      	13577.7325    	2021.54541    
737.0000      	13568.5210    	1989.81824    
737.5000      	13559.3220    	1900.27271    
738.0000      	13550.1355    	1896.45459    
738.5000      	13540.9614    	1887.72729    
739.0000      	13531.7997    	1821.18176    
739.5000      	13522.6504    	1849.81824    
740.0000      	13513.5135    	1898.90906    
740.5000      	13504.3889    	1815.63635    
741.0000      	13495.2767    	1909.63635    
741.5000      	13486.1767    	2013.45459    
742.0000      	13477.0889    	2089.18188    
742.5000      	13468.0135    	1869.09094    
743.0000      	13458.9502    	1893.54541    
743.5000      	13449.8991    	1932.81824    
744.0000      	13440.8602    	1915.81824    
744.5000      	13431.8334    	1977.00000    
745.0000      	13422.8188    	1914.81824    
745.5000      	13413.8162    	1839.81824    
746.0000      	13404.8257    	1841.00000    
746.5000      	13395.8473    	1929.90906    
747.0000      	13386.8809    	1864.09094    
747.5000      	13377.9264    	1954.00000    
748.0000      	13368.9840    	1896.90906    
748.5000      	13360.0534    	1901.54541    
749.0000      	13351.1348    	1872.09094    
749.5000      	13342.2282    	1859.00000    
750.0000      	13333.3333    	1851.81824    
750.5000      	13324.4504    	1904.18176    
751.0000      	13315.5792    	2000.45459    
751.5000      	13306.7199    	2020.36365    
752.0000      	13297.8723    	2068.18188    
752.5000      	13289.0365    	2081.45459    
753.0000      	13280.2125    	2118.09082    
753.5000      	13271.4001    	1992.72729    
754.0000      	13262.5995    	1913.36365    
754.5000      	13253.8105    	1990.18176    
755.0000      	13245.0331    	1937.81824    
755.5000      	13236.2674    	1911.36365    
756.0000      	13227.5132    	1937.90906    
756.5000      	13218.7707    	2014.00000    
757.0000      	13210.0396    	1926.72729    
757.5000      	13201.3201    	1906.18176    
758.0000      	13192.6121    	1967.90906    
758.5000      	13183.9156    	2010.09094    
759.0000      	13175.2306    	2067.90918    
759.5000      	13166.5569    	1876.81824    
760.0000      	13157.8947    	1924.90906    
760.5000      	13149.2439    	2048.00000    
761.0000      	13140.6045    	1849.18176    
761.5000      	13131.9764    	2014.36365    
762.0000      	13123.3596    	1941.63635    
762.5000      	13114.7541    	1901.72729    
763.0000      	13106.1599    	1903.27271    
763.5000      	13097.5769    	1941.18176    
764.0000      	13089.0052    	1916.36365    
764.5000      	13080.4447    	1834.09094    
765.0000      	13071.8954    	1872.81824    
765.5000      	13063.3573    	1952.45459    
766.0000      	13054.8303    	1976.81824    
766.5000      	13046.3144    	1984.54541    
767.0000      	13037.8096    	1919.27271    
767.5000      	13029.3160    	1810.72729    
768.0000      	13020.8333    	1943.45459    
768.5000      	13012.3617    	2018.72729    
769.0000      	13003.9012    	1980.54541    
769.5000      	12995.4516    	1990.09094    
770.0000      	12987.0130    	1948.54541    
770.5000      	12978.5853    	1942.81824    
771.0000      	12970.1686    	2011.54541    
771.5000      	12961.7628    	2107.81812    
772.0000      	12953.3679    	1898.18176    
772.5000      	12944.9838    	1904.81824    
773.0000      	12936.6106    	1945.00000    
773.5000      	12928.2482    	1970.63635    
774.0000      	12919.8966    	1955.18176    
774.5000      	12911.5558    	1926.63635    
775.0000      	12903.2258    	1948.54541    
775.5000      	12894.9065    	1944.45459    
776.0000      	12886.5979    	1920.00000    
776.5000      	12878.3001    	1902.72729    
777.0000      	12870.0129    	1918.72729    
777.5000      	12861.7363    	1831.81824    
778.0000      	12853.4704    	1888.36365    
778.5000      	12845.2152    	2032.63635    
779.0000      	12836.9705    	1976.36365    
779.5000      	12828.7364    	2029.18176    
780.0000      	12820.5128    	1875.27271    
780.5000      	12812.2998    	1850.18176    
781.0000      	12804.0973    	1907.00000    
781.5000      	12795.9053    	1975.09094    
782.0000      	12787.7238    	1964.45459    
782.5000      	12779.5527    	1883.45459    
783.0000      	12771.3921    	1887.18176    
783.5000      	12763.2419    	1904.09094    
784.0000      	12755.1020    	1872.18176    
784.5000      	12746.9726    	2049.00000    
785.0000      	12738.8535    	1918.54541    
785.5000      	12730.7447    	1918.81824    
786.0000      	12722.6463    	1882.63635    
786.5000      	12714.5582    	1906.45459    
787.0000      	12706.4803    	2032.09094    
787.5000      	12698.4127    	1939.72729    
788.0000      	12690.3553    	2053.36353    
788.5000      	12682.3082    	1946.45459    
789.0000      	12674.2712    	1970.90906    
789.5000      	12666.2445    	1921.81824    
790.0000      	12658.2278    	1929.90906    
790.5000      	12650.2214    	1932.72729    
791.0000      	12642.2250    	1879.00000    
791.5000      	12634.2388    	1912.18176    
792.0000      	12626.2626    	1947.18176    
792.5000      	12618.2965    	1916.45459    
793.0000      	12610.3405    	1882.72729    
793.5000      	12602.3945    	1866.27271    
794.0000      	12594.4584    	1973.63635    
794.5000      	12586.5324    	1998.45459    
795.0000      	12578.6164    	2014.81824    
795.5000      	12570.7102    	1965.36365    
796.0000      	12562.8141    	1891.27271    
796.5000      	12554.9278    	1888.00000    
797.0000      	12547.0514    	1973.27271    
797.5000      	12539.1850    	1921.72729    
798.0000      	12531.3283    	1928.54541    
798.5000      	12523.4815    	1874.00000    
799.0000      	12515.6446    	1856.63635    
799.5000      	12507.8174    	1963.09094    
800.0000      	12500.0000    	2028.72729    
