350.0000      	28571.4286    	3339.63647    
350.5000      	28530.6705    	3305.18188    
351.0000      	28490.0285    	3266.27271    
351.5000      	28449.5021    	3302.81812    
352.0000      	28409.0909    	3183.81812    
352.5000      	28368.7943    	3203.81812    
353.0000      	28328.6119    	3085.36353    
353.5000      	28288.5431    	3297.27271    
354.0000      	28248.5876    	2923.81812    
354.5000      	28208.7447    	2902.45459    
355.0000      	28169.0141    	3083.63647    
355.5000      	28129.3952    	3174.81812    
356.0000      	28089.8876    	2745.45459    
356.5000      	28050.4909    	2995.90918    
357.0000      	28011.2045    	2917.54541    
357.5000      	27972.0280    	2977.72729    
358.0000      	27932.9609    	3070.09082    
358.5000      	27894.0028    	3557.90918    
359.0000      	27855.1532    	3021.90918    
359.5000      	27816.4117    	3126.09082    
360.0000      	27777.7778    	3028.27271    
360.5000      	27739.2510    	3129.81812    
361.0000      	27700.8310    	3093.72729    
361.5000      	27662.5173    	3408.00000    
362.0000      	27624.3094    	3165.45459    
362.5000      	27586.2069    	3311.45459    
363.0000      	27548.2094    	3341.90918    
363.5000      	27510.3164    	2960.90918    
364.0000      	27472.5275    	2680.45459    
364.5000      	27434.8422    	2882.81812    
365.0000      	27397.2603    	2985.90918    
365.5000      	27359.7811    	3184.09082    
366.0000      	27322.4044    	3219.27271    
366.5000      	27285.1296    	3119.27271    
367.0000      	27247.9564    	3070.72729    
367.5000      	27210.8844    	3471.81812    
368.0000      	27173.9130    	3095.18188    
368.5000      	27137.0421    	3492.63647    
369.0000      	27100.2710    	3104.09082    
369.5000      	27063.5995    	3113.36353    
370.0000      	27027.0270    	3530.81812    
370.5000      	26990.5533    	2890.45459    
371.0000      	26954.1779    	3231.90918    
371.5000      	26917.9004    	3023.72729    
372.0000      	26881.7204    	3112.63647    
372.5000      	26845.6376    	3299.36353    
373.0000      	26809.6515    	3053.54541    
373.5000      	26773.7617    	3311.72729    
374.0000      	26737.9679    	3621.00000    
374.5000      	26702.2697    	3198.90918    
375.0000      	26666.6667    	3062.18188    
375.5000      	26631.1585    	3219.90918    
376.0000      	26595.7447    	3196.63647    
376.5000      	26560.4250    	2996.00000    
377.0000      	26525.1989    	3214.90918    
377.5000      	26490.0662    	3190.81812    
378.0000      	26455.0265    	3138.45459    
378.5000      	26420.0793    	3131.18188    
379.0000      	26385.2243    	3171.81812    
379.5000      	26350.4611    	3142.45459    
380.0000      	26315.7895    	3003.81812    
380.5000      	26281.2089    	3041.81812    
381.0000      	26246.7192    	3067.18188    
381.5000      	26212.3198    	2913.36353    
382.0000      	26178.0105    	3067.90918    
382.5000      	26143.7908    	3201.63647    
383.0000      	26109.6606    	3227.27271    
383.5000      	26075.6193    	3022.18188    
384.0000      	26041.6667    	3453.81812    
384.5000      	26007.8023    	2984.72729    
385.0000      	25974.0260    	2975.45459    
385.5000      	25940.3372    	2926.36353    
386.0000      	25906.7358    	2798.27271    
386.5000      	25873.2212    	3030.27271    
387.0000      	25839.7933    	3103.63647    
387.5000      	25806.4516    	2926.90918    
388.0000      	25773.1959    	3169.18188    
388.5000      	25740.0257    	3063.36353    
389.0000      	25706.9409    	3002.54541    
389.5000      	25673.9409    	3140.09082    
390.0000      	25641.0256    	3025.09082    
390.5000      	25608.1946    	3027.00000    
391.0000      	25575.4476    	3058.18188    
391.5000      	25542.7842    	3343.18188    
392.0000      	25510.2041    	2960.72729    
392.5000      	25477.7070    	2959.18188    
393.0000      	25445.2926    	3225.09082    
393.5000      	25412.9606    	2905.36353    
394.0000      	25380.7107    	3394.90918    
394.5000      	25348.5425    	2897.90918    
395.0000      	25316.4557    	3185.63647    
395.5000      	25284.4501    	3101.00000    
396.0000      	25252.5253    	3452.45459    
396.5000      	25220.6810    	3163.00000    
397.0000      	25188.9169    	3296.09082    
397.5000      	25157.2327    	3260.90918    
398.0000      	25125.6281    	3200.72729    
398.5000      	25094.1029    	3036.27271    
399.0000      	25062.6566    	3297.18188    
399.5000      	25031.2891    	3460.90918    
400.0000      	25000.0000    	3349.72729    
400.5000      	24968.7890    	3169.00000    
401.0000      	24937.6559    	3126.90918    
401.5000      	24906.6002    	3377.54541    
402.0000      	24875.6219    	3405.18188    
402.5000      	24844.7205    	3303.72729    
403.0000      	24813.8958    	2928.45459    
403.5000      	24783.1475    	3197.36353    
404.0000      	24752.4752    	3229.54541    
404.5000      	24721.8789    	3478.00000    
405.0000      	24691.3580    	3228.27271    
405.5000      	24660.9125    	3110.81812    
406.0000      	24630.5419    	3031.27271    
406.5000      	24600.2460    	2972.09082    
407.0000      	24570.0246    	3162.27271    
407.5000      	24539.8773    	2923.63647    
408.0000      	24509.8039    	2822.63647    
408.5000      	24479.8042    	2866.09082    
409.0000      	24449.8778    	2808.18188    
409.5000      	24420.0244    	3050.09082    
410.0000      	24390.2439    	2984.81812    
410.5000      	24360.5359    	3142.27271    
411.0000      	24330.9002    	3049.63647    
411.5000      	24301.3366    	3057.09082    
412.0000      	24271.8447    	3169.63647    
412.5000      	24242.4242    	2845.54541    
413.0000      	24213.0751    	3086.36353    
413.5000      	24183.7969    	2985.09082    
414.0000      	24154.5894    	2901.54541    
414.5000      	24125.4524    	2788.81812    
415.0000      	24096.3855    	2680.90918    
415.5000      	24067.3887    	2719.45459    
416.0000      	24038.4615    	3012.72729    
416.5000      	24009.6038    	2962.81812    
417.0000      	23980.8153    	2728.18188    
417.5000      	23952.0958    	2696.00000    
418.0000      	23923.4450    	3048.00000    
418.5000      	23894.8626    	2920.63647    
419.0000      	23866.3484    	2929.90918    
419.5000      	23837.9023    	2754.18188    
420.0000      	23809.5238    	2876.27271    
420.5000      	23781.2128    	2875.81812    
421.0000      	23752.9691    	2826.54541    
421.5000      	23724.7924    	2782.72729    
422.0000      	23696.6825    	3019.45459    
422.5000      	23668.6391    	2920.72729    
423.0000      	23640.6619    	2991.54541    
423.5000      	23612.7509    	2736.18188    
424.0000      	23584.9057    	2934.09082    
424.5000      	23557.1260    	3158.36353    
425.0000      	23529.4118    	2759.27271    
425.5000      	23501.7626    	2607.27271    
426.0000      	23474.1784    	2832.36353    
426.5000      	23446.6589    	2789.09082    
427.0000      	23419.2037    	2907.18188    
427.5000      	23391.8129    	2925.36353    
428.0000      	23364.4860    	2794.54541    
428.5000      	23337.2229    	2873.18188    
429.0000      	23310.0233    	3327.90918    
429.5000      	23282.8871    	3049.27271    
430.0000      	23255.8140    	2918.36353    
430.5000      	23228.8037    	2901.72729    
431.0000      	23201.8561    	3229.81812    
431.5000      	23174.9710    	2809.36353    
432.0000      	23148.1481    	2659.09082    
432.5000      	23121.3873    	2838.27271    
433.0000      	23094.6882    	2603.00000    
433.5000      	23068.0507    	2831.45459    
434.0000      	23041.4747    	3185.36353    
434.5000      	23014.9597    	2770.00000    
435.0000      	22988.5057    	2785.36353    
435.5000      	22962.1125    	3267.54541    
436.0000      	22935.7798    	3016.90918    
436.5000      	22909.5074    	2742.90918    
437.0000      	22883.2952    	2725.27271    
437.5000      	22857.1429    	2800.27271    
438.0000      	22831.0502    	2694.18188    
438.5000      	22805.0171    	2601.27271    
439.0000      	22779.0433    	2654.09082    
439.5000      	22753.1286    	2555.81812    
440.0000      	22727.2727    	3276.00000    
440.5000      	22701.4756    	3048.81812    
441.0000      	22675.7370    	3381.09082    
441.5000      	22650.0566    	2727.18188    
442.0000      	22624.4344    	2715.90918    
442.5000      	22598.8701    	3217.54541    
443.0000      	22573.3634    	3024.18188    
443.5000      	22547.9143    	3000.27271    
444.0000      	22522.5225    	2980.00000    
444.5000      	22497.1879    	3002.27271    
445.0000      	22471.9101    	3059.09082    
445.5000      	22446.6891    	2486.90918    
446.0000      	22421.5247    	2651.54541    
446.5000      	22396.4166    	2985.81812    
447.0000      	22371.3647    	2756.45459    
447.5000      	22346.3687    	2936.36353    
448.0000      	22321.4286    	2952.63647    
448.5000      	22296.5440    	2705.72729    
449.0000      	22271.7149    	2937.72729    
449.5000      	22246.9410    	3251.54541    
450.0000      	22222.2222    	2848.81812    
450.5000      	22197.5583    	3065.00000    
451.0000      	22172.9490    	3071.00000    
451.5000      	22148.3942    	2943.27271    
452.0000      	22123.8938    	2793.18188    
452.5000      	22099.4475    	2813.63647    
453.0000      	22075.0552    	2808.36353    
453.5000      	22050.7166    	2747.18188    
454.0000      	22026.4317    	2583.54541    
454.5000      	22002.2002    	2597.72729    
455.0000      	21978.0220    	2786.45459    
455.5000      	21953.8968    	2887.36353    
456.0000      	21929.8246    	2882.36353    
456.5000      	21905.8050    	2941.36353    
457.0000      	21881.8381    	3111.27271    
457.5000      	21857.9235    	3019.81812    
458.0000      	21834.0611    	2853.54541    
458.5000      	21810.2508    	2619.00000    
459.0000      	21786.4924    	3182.00000    
459.5000      	21762.7856    	2804.00000    
460.0000      	21739.1304    	3003.09082    
460.5000      	21715.5266    	2744.00000    
461.0000      	21691.9740    	2802.36353    
461.5000      	21668.4724    	3154.81812    
462.0000      	21645.0216    	3001.27271    
462.5000      	21621.6216    	2629.36353    
463.0000      	21598.2721    	2841.27271    
463.5000      	21574.9730    	2728.54541    
464.0000      	21551.7241    	2671.90918    
464.5000      	21528.5253    	2921.81812    
465.0000      	21505.3763    	2975.18188    
465.5000      	21482.2771    	2624.63647    
466.0000      	21459.2275    	3957.72729    
466.5000      	21436.2272    	2495.90918    
467.0000      	21413.2762    	2675.18188    
467.5000      	21390.3743    	3031.45459    
468.0000      	21367.5214    	2776.09082    
468.5000      	21344.7172    	2731.27271    
469.0000      	21321.9616    	3166.63647    
469.5000      	21299.2545    	2890.90918    
470.0000      	21276.5957    	2688.09082    
470.5000      	21253.9851    	3111.90918    
471.0000      	21231.4225    	2939.36353    
471.5000      	21208.9077    	2592.36353    
472.0000      	21186.4407    	2539.63647    
472.5000      	21164.0212    	2748.00000    
473.0000      	21141.6490    	2882.54541    
473.5000      	21119.3242    	2683.09082    
474.0000      	21097.0464    	3070.72729    
474.5000      	21074.8156    	2835.72729    
475.0000      	21052.6316    	2443.18188    
475.5000      	21030.4942    	2845.45459    
476.0000      	21008.4034    	2681.81812    
476.5000      	20986.3589    	2741.54541    
477.0000      	20964.3606    	2842.27271    
477.5000      	20942.4084    	2962.63647    
478.0000      	20920.5021    	3042.27271    
478.5000      	20898.6416    	2920.18188    
479.0000      	20876.8267    	2822.72729    
479.5000      	20855.0574    	2790.27271    
480.0000      	20833.3333    	2734.27271    
480.5000      	20811.6545    	2810.45459    
481.0000      	20790.0208    	2877.72729    
481.5000      	20768.4320    	2654.36353    
482.0000      	20746.8880    	2747.81812    
482.5000      	20725.3886    	3093.36353    
483.0000      	20703.9337    	2831.18188    
483.5000      	20682.5233    	2899.63647    
484.0000      	20661.1570    	2894.81812    
484.5000      	20639.8349    	2778.72729    
485.0000      	20618.5567    	2813.63647    
485.5000      	20597.3223    	2994.18188    
486.0000      	20576.1317    	3048.81812    
486.5000      	20554.9846    	2505.90918    
487.0000      	20533.8809    	2696.09082    
487.5000      	20512.8205    	2731.72729    
488.0000      	20491.8033    	3182.90918    
488.5000      	20470.8291    	2665.63647    
489.0000      	20449.8978    	2653.45459    
489.5000      	20429.0092    	2948.72729    
490.0000      	20408.1633    	2873.36353    
490.5000      	20387.3598    	2799.00000    
491.0000      	20366.5988    	2718.18188    
491.5000      	20345.8800    	3053.00000    
492.0000      	20325.2033    	2761.27271    
492.5000      	20304.5685    	2659.54541    
493.0000      	20283.9757    	3109.36353    
493.5000      	20263.4245    	2522.09082    
494.0000      	20242.9150    	2803.09082    
494.5000      	20222.4469    	2914.36353    
495.0000      	20202.0202    	2829.72729    
495.5000      	20181.6347    	2562.90918    
496.0000      	20161.2903    	2910.09082    
496.5000      	20140.9869    	2819.18188    
497.0000      	20120.7243    	2690.00000    
497.5000      	20100.5025    	3049.09082    
498.0000      	20080.3213    	2684.45459    
498.5000      	20060.1805    	2573.45459    
499.0000      	20040.0802    	3154.72729    
499.5000      	20020.0200    	2849.54541    
500.0000      	20000.0000    	2623.00000    
500.5000      	19980.0200    	2728.09082    
501.0000      	19960.0798    	2872.63647    
501.5000      	19940.1795    	2662.63647    
502.0000      	19920.3187    	2803.90918    
502.5000      	19900.4975    	2595.90918    
503.0000      	19880.7157    	2433.27271    
503.5000      	19860.9732    	2596.90918    
504.0000      	19841.2698    	2586.54541    
504.5000      	19821.6056    	2898.45459    
505.0000      	19801.9802    	2734.72729    
505.5000      	19782.3937    	2582.90918    
506.0000      	19762.8458    	2674.00000    
506.5000      	19743.3366    	2431.27271    
507.0000      	19723.8659    	2717.18188    
507.5000      	19704.4335    	2866.81812    
508.0000      	19685.0394    	2951.81812    
508.5000      	19665.6834    	2487.18188    
509.0000      	19646.3654    	2686.27271    
509.5000      	19627.0854    	3112.90918    
510.0000      	19607.8431    	3323.18188    
510.5000      	19588.6386    	2715.27271    
511.0000      	19569.4716    	2659.18188    
511.5000      	19550.3421    	2901.09082    
512.0000      	19531.2500    	3110.45459    
512.5000      	19512.1951    	2544.18188    
513.0000      	19493.1774    	2565.00000    
513.5000      	19474.1967    	2540.54541    
514.0000      	19455.2529    	2750.72729    
514.5000      	19436.3460    	2651.36353    
515.0000      	19417.4757    	2574.36353    
515.5000      	19398.6421    	2945.54541    
516.0000      	19379.8450    	2584.63647    
516.5000      	19361.0842    	2685.72729    
517.0000      	19342.3598    	2535.63647    
517.5000      	19323.6715    	2790.63647    
518.0000      	19305.0193    	2537.09082    
518.5000      	19286.4031    	2464.36353    
519.0000      	19267.8227    	2413.63647    
519.5000      	19249.2782    	2635.45459    
520.0000      	19230.7692    	2641.27271    
520.5000      	19212.2959    	2660.81812    
521.0000      	19193.8580    	2740.00000    
521.5000      	19175.4554    	2575.18188    
522.0000      	19157.0881    	2747.27271    
522.5000      	19138.7560    	2770.63647    
523.0000      	19120.4589    	2829.09082    
523.5000      	19102.1968    	2634.81812    
524.0000      	19083.9695    	2692.63647    
524.5000      	19065.7769    	2640.36353    
525.0000      	19047.6190    	2811.18188    
525.5000      	19029.4957    	2481.36353    
526.0000      	19011.4068    	2487.90918    
526.5000      	18993.3523    	3069.72729    
527.0000      	18975.3321    	2583.81812    
527.5000      	18957.3460    	2339.27271    
528.0000      	18939.3939    	2707.00000    
528.5000      	18921.4759    	2911.27271    
529.0000      	18903.5917    	2644.45459    
529.5000      	18885.7413    	2776.09082    
530.0000      	18867.9245    	2679.45459    
530.5000      	18850.1414    	2533.81812    
531.0000      	18832.3917    	2859.45459    
531.5000      	18814.6754    	2701.81812    
532.0000      	18796.9925    	2844.09082    
532.5000      	18779.3427    	2696.18188    
533.0000      	18761.7261    	2743.27271    
533.5000      	18744.1425    	2663.90918    
534.0000      	18726.5918    	2821.81812    
534.5000      	18709.0739    	2641.27271    
535.0000      	18691.5888    	2959.63647    
535.5000      	18674.1363    	2629.63647    
536.0000      	18656.7164    	2907.63647    
536.5000      	18639.3290    	2721.18188    
537.0000      	18621.9739    	2716.00000    
537.5000      	18604.6512    	2782.45459    
538.0000      	18587.3606    	2707.72729    
538.5000      	18570.1021    	2687.18188    
539.0000      	18552.8757    	2732.63647    
539.5000      	18535.6812    	2876.00000    
540.0000      	18518.5185    	2534.54541    
540.5000      	18501.3876    	2655.27271    
541.0000      	18484.2884    	2894.81812    
541.5000      	18467.2207    	2774.00000    
542.0000      	18450.1845    	2933.54541    
542.5000      	18433.1797    	2573.36353    
543.0000      	18416.2063    	2876.45459    
543.5000      	18399.2640    	2915.36353    
544.0000      	18382.3529    	2714.18188    
544.5000      	18365.4729    	2658.45459    
545.0000      	18348.6239    	3066.18188    
545.5000      	18331.8057    	2829.27271    
546.0000      	18315.0183    	3093.18188    
546.5000      	18298.2617    	2756.18188    
547.0000      	18281.5356    	2779.45459    
547.5000      	18264.8402    	2837.72729    
548.0000      	18248.1752    	2860.72729    
548.5000      	18231.5406    	2656.45459    
549.0000      	18214.9362    	2941.54541    
549.5000      	18198.3621    	2965.45459    
550.0000      	18181.8182    	2768.18188    
550.5000      	18165.3043    	2867.00000    
551.0000      	18148.8203    	2518.72729    
551.5000      	18132.3663    	2793.09082    
552.0000      	18115.9420    	2631.00000    
552.5000      	18099.5475    	2697.00000    
553.0000      	18083.1826    	2539.18188    
553.5000      	18066.8473    	3260.90918    
554.0000      	18050.5415    	2978.18188    
554.5000      	18034.2651    	2803.09082    
555.0000      	18018.0180    	2585.36353    
555.5000      	18001.8002    	2654.90918    
556.0000      	17985.6115    	2569.90918    
556.5000      	17969.4519    	2543.45459    
557.0000      	17953.3214    	2680.00000    
557.5000      	17937.2197    	2706.45459    
558.0000      	17921.1470    	2722.81812    
558.5000      	17905.1030    	2610.27271    
559.0000      	17889.0877    	2760.81812    
559.5000      	17873.1010    	3198.09082    
560.0000      	17857.1429    	3005.72729    
560.5000      	17841.2132    	2740.45459    
561.0000      	17825.3119    	2988.18188    
561.5000      	17809.4390    	2551.00000    
562.0000      	17793.5943    	2938.63647    
562.5000      	17777.7778    	2967.27271    
563.0000      	17761.9893    	2848.54541    
563.5000      	17746.2289    	2597.90918    
564.0000      	17730.4965    	3025.63647    
564.5000      	17714.7919    	2972.36353    
565.0000      	17699.1150    	2659.63647    
565.5000      	17683.4660    	2614.00000    
566.0000      	17667.8445    	3118.27271    
566.5000      	17652.2507    	2758.00000    
567.0000      	17636.6843    	2771.45459    
567.5000      	17621.1454    	2813.36353    
568.0000      	17605.6338    	2926.27271    
568.5000      	17590.1495    	2823.36353    
569.0000      	17574.6924    	2990.90918    
569.5000      	17559.2625    	2942.18188    
570.0000      	17543.8596    	2889.45459    
570.5000      	17528.4838    	2778.90918    
571.0000      	17513.1349    	3021.72729    
571.5000      	17497.8128    	3245.81812    
572.0000      	17482.5175    	2967.72729    
572.5000      	17467.2489    	3439.45459    
573.0000      	17452.0070    	2848.36353    
573.5000      	17436.7916    	3217.18188    
574.0000      	17421.6028    	3049.18188    
574.5000      	17406.4404    	3060.63647    
575.0000      	17391.3043    	3184.81812    
575.5000      	17376.1946    	3160.90918    
576.0000      	17361.1111    	3317.90918    
576.5000      	17346.0538    	3148.09082    
577.0000      	17331.0225    	3157.00000    
577.5000      	17316.0173    	3110.36353    
578.0000      	17301.0381    	3414.90918    
578.5000      	17286.0847    	3359.90918    
579.0000      	17271.1572    	3584.72729    
579.5000      	17256.2554    	3402.45459    
580.0000      	17241.3793    	4369.27295    
580.5000      	17226.5289    	3810.36353    
581.0000      	17211.7040    	3673.90918    
581.5000      	17196.9046    	3371.72729    
582.0000      	17182.1306    	3627.81812    
582.5000      	17167.3820    	3808.27271    
583.0000      	17152.6587    	3606.27271    
583.5000      	17137.9606    	3950.36353    
584.0000      	17123.2877    	3660.54541    
584.5000      	17108.6399    	3597.63647    
585.0000      	17094.0171    	3712.18188    
585.5000      	17079.4193    	3563.72729    
586.0000      	17064.8464    	3905.90918    
586.5000      	17050.2984    	3885.00000    
587.0000      	17035.7751    	4003.27271    
587.5000      	17021.2766    	4021.72729    
588.0000      	17006.8027    	4290.81836    
588.5000      	16992.3534    	4266.90918    
589.0000      	16977.9287    	4410.09082    
589.5000      	16963.5284    	4346.09082    
590.0000      	16949.1525    	4795.81836    
590.5000      	16934.8010    	4499.81836    
591.0000      	16920.4738    	4521.18164    
591.5000      	16906.1708    	4861.09082    
592.0000      	16891.8919    	4590.45459    
592.5000      	16877.6371    	4860.18164    
593.0000      	16863.4064    	4723.00000    
593.5000      	16849.1997    	4914.27295    
594.0000      	16835.0168    	4691.54541    
594.5000      	16820.8579    	5540.00000    
595.0000      	16806.7227    	5116.54541    
595.5000      	16792.6113    	5004.27295    
596.0000      	16778.5235    	5613.36377    
596.5000      	16764.4593    	5474.00000    
597.0000      	16750.4188    	5337.27295    
597.5000      	16736.4017    	5375.09082    
598.0000      	16722.4080    	5835.00000    
598.5000      	16708.4378    	5901.18164    
599.0000      	16694.4908    	6070.00000    
599.5000      	16680.5671    	5947.18164    
600.0000      	16666.6667    	6147.36377    
600.5000      	16652.7893    	6262.18164    
601.0000      	16638.9351    	6558.54541    
601.5000      	16625.1039    	6335.54541    
602.0000      	16611.2957    	6468.72705    
602.5000      	16597.5104    	6662.27295    
603.0000      	16583.7479    	6757.45459    
603.5000      	16570.0083    	6793.36377    
604.0000      	16556.2914    	6938.45459    
604.5000      	16542.5972    	7598.72705    
605.0000      	16528.9256    	7767.81836    
605.5000      	16515.2766    	7590.18164    
606.0000      	16501.6502    	7660.72705    
606.5000      	16488.0462    	7962.36377    
607.0000      	16474.4646    	7984.81836    
607.5000      	16460.9053    	8491.36328    
608.0000      	16447.3684    	9075.63672    
608.5000      	16433.8537    	8990.45410    
609.0000      	16420.3612    	9351.90918    
609.5000      	16406.8909    	9160.00000    
610.0000      	16393.4426    	9751.72754    
610.5000      	16380.0164    	10362.45410   
611.0000      	16366.6121    	9983.45410    
611.5000      	16353.2298    	10279.18164   
612.0000      	16339.8693    	10575.00000   
612.5000      	16326.5306    	11107.27246   
613.0000      	16313.2137    	11061.90918   
613.5000      	16299.9185    	11677.63672   
614.0000      	16286.6450    	11797.36328   
614.5000      	16273.3930    	12211.18164   
615.0000      	16260.1626    	12405.90918   
615.5000      	16246.9537    	12496.54590   
616.0000      	16233.7662    	12935.18164   
616.5000      	16220.6002    	13032.81836   
617.0000      	16207.4554    	13702.72754   
617.5000      	16194.3320    	13721.54590   
618.0000      	16181.2298    	13920.27246   
618.5000      	16168.1487    	14839.72754   
619.0000      	16155.0889    	14938.09082   
619.5000      	16142.0500    	14945.27246   
620.0000      	16129.0323    	15596.00000   
620.5000      	16116.0355    	16302.90918   
621.0000      	16103.0596    	16303.90918   
621.5000      	16090.1046    	16634.09180   
622.0000      	16077.1704    	17009.72656   
622.5000      	16064.2570    	17858.27344   
623.0000      	16051.3644    	18030.36328   
623.5000      	16038.4924    	18255.27344   
624.0000      	16025.6410    	18705.81836   
624.5000      	16012.8102    	19599.81836   
625.0000      	16000.0000    	19622.18164   
625.5000      	15987.2102    	19845.72656   
626.0000      	15974.4409    	20182.45508   
626.5000      	15961.6919    	20298.54492   
627.0000      	15948.9633    	20839.09180   
627.5000      	15936.2550    	21425.81836   
628.0000      	15923.5669    	21690.72656   
628.5000      	15910.8990    	21733.27344   
629.0000      	15898.2512    	22544.45508   
629.5000      	15885.6235    	23089.90820   
630.0000      	15873.0159    	23407.90820   
630.5000      	15860.4282    	24282.72656   
631.0000      	15847.8605    	25151.00000   
631.5000      	15835.3127    	25960.54492   
632.0000      	15822.7848    	26444.63672   
632.5000      	15810.2767    	26928.54492   
633.0000      	15797.7883    	27293.81836   
633.5000      	15785.3197    	27581.72656   
634.0000      	15772.8707    	28616.18164   
634.5000      	15760.4413    	29334.72656   
635.0000      	15748.0315    	29678.09180   
635.5000      	15735.6412    	30297.27344   
636.0000      	15723.2704    	30990.63672   
636.5000      	15710.9191    	31164.45508   
637.0000      	15698.5871    	31976.00000   
637.5000      	15686.2745    	32275.72656   
638.0000      	15673.9812    	32558.54492   
638.5000      	15661.7071    	32681.45508   
639.0000      	15649.4523    	33479.81641   
639.5000      	15637.2166    	34221.18359   
640.0000      	15625.0000    	35105.27344   
640.5000      	15612.8025    	35285.81641   
641.0000      	15600.6240    	35338.91016   
641.5000      	15588.4645    	35631.08984   
642.0000      	15576.3240    	35156.18359   
642.5000      	15564.2023    	35309.81641   
643.0000      	15552.0995    	34468.08984   
643.5000      	15540.0155    	33783.00000   
644.0000      	15527.9503    	33209.36328   
644.5000      	15515.9038    	32805.00000   
645.0000      	15503.8760    	31413.27344   
645.5000      	15491.8668    	30225.81836   
646.0000      	15479.8762    	28579.18164   
646.5000      	15467.9041    	27992.54492   
647.0000      	15455.9505    	26081.81836   
647.5000      	15444.0154    	24438.81836   
648.0000      	15432.0988    	22754.45508   
648.5000      	15420.2005    	21944.18164   
649.0000      	15408.3205    	19943.27344   
649.5000      	15396.4588    	18380.72656   
650.0000      	15384.6154    	16525.00000   
650.5000      	15372.7902    	15710.81836   
651.0000      	15360.9831    	14287.54590   
651.5000      	15349.1942    	12806.54590   
652.0000      	15337.4233    	12109.00000   
652.5000      	15325.6705    	11171.36328   
653.0000      	15313.9357    	10143.27246   
653.5000      	15302.2188    	9485.72754    
654.0000      	15290.5199    	8713.00000    
654.5000      	15278.8388    	8265.18164    
655.0000      	15267.1756    	7640.36377    
655.5000      	15255.5301    	7492.54541    
656.0000      	15243.9024    	7069.00000    
656.5000      	15232.2925    	6785.00000    
657.0000      	15220.7002    	6384.36377    
657.5000      	15209.1255    	6676.27295    
658.0000      	15197.5684    	6054.36377    
658.5000      	15186.0289    	5719.81836    
659.0000      	15174.5068    	5353.36377    
659.5000      	15163.0023    	5539.27295    
660.0000      	15151.5152    	4980.90918    
660.5000      	15140.0454    	4984.45459    
661.0000      	15128.5930    	5090.54541    
661.5000      	15117.1580    	5021.00000    
662.0000      	15105.7402    	4667.72705    
662.5000      	15094.3396    	4724.90918    
663.0000      	15082.9563    	4351.00000    
663.5000      	15071.5901    	4283.09082    
664.0000      	15060.2410    	4125.54541    
664.5000      	15048.9090    	3902.81812    
665.0000      	15037.5940    	4035.63647    
665.5000      	15026.2960    	3869.36353    
666.0000      	15015.0150    	3755.00000    
666.5000      	15003.7509    	3702.54541    
667.0000      	14992.5037    	3649.36353    
667.5000      	14981.2734    	3796.81812    
668.0000      	14970.0599    	3627.90918    
668.5000      	14958.8631    	3330.36353    
669.0000      	14947.6831    	3399.72729    
669.5000      	14936.5198    	3227.18188    
670.0000      	14925.3731    	3235.63647    
670.5000      	14914.2431    	3414.00000    
671.0000      	14903.1297    	3505.72729    
671.5000      	14892.0328    	3173.72729    
672.0000      	14880.9524    	3129.54541    
672.5000      	14869.8885    	3066.36353    
673.0000      	14858.8410    	3143.63647    
673.5000      	14847.8099    	3082.27271    
674.0000      	14836.7953    	3184.45459    
674.5000      	14825.7969    	3560.72729    
675.0000      	14814.8148    	3352.18188    
675.5000      	14803.8490    	3066.27271    
676.0000      	14792.8994    	3107.45459    
676.5000      	14781.9660    	3208.54541    
677.0000      	14771.0487    	3434.09082    
677.5000      	14760.1476    	3106.00000    
678.0000      	14749.2625    	3122.63647    
678.5000      	14738.3935    	3115.00000    
679.0000      	14727.5405    	3545.54541    
679.5000      	14716.7035    	3127.27271    
680.0000      	14705.8824    	3069.00000    
680.5000      	14695.0771    	2808.63647    
681.0000      	14684.2878    	2850.45459    
681.5000      	14673.5143    	3081.72729    
682.0000      	14662.7566    	2972.90918    
682.5000      	14652.0147    	3163.72729    
683.0000      	14641.2884    	2909.09082    
683.5000      	14630.5779    	2973.18188    
684.0000      	14619.8830    	2831.18188    
684.5000      	14609.2038    	3020.18188    
685.0000      	14598.5401    	2898.63647    
685.5000      	14587.8920    	2655.45459    
686.0000      	14577.2595    	2877.72729    
686.5000      	14566.6424    	2737.27271    
687.0000      	14556.0408    	2702.36353    
687.5000      	14545.4545    	2606.81812    
688.0000      	14534.8837    	3116.18188    
688.5000      	14524.3282    	3486.09082    
689.0000      	14513.7881    	2795.45459    
689.5000      	14503.2632    	2798.27271    
690.0000      	14492.7536    	3254.18188    
690.5000      	14482.2592    	2659.36353    
691.0000      	14471.7800    	2941.09082    
691.5000      	14461.3160    	2810.27271    
692.0000      	14450.8671    	2918.63647    
692.5000      	14440.4332    	3481.27271    
693.0000      	14430.0144    	3040.45459    
693.5000      	14419.6107    	2865.81812    
694.0000      	14409.2219    	3202.81812    
694.5000      	14398.8481    	2917.09082    
695.0000      	14388.4892    	2851.00000    
695.5000      	14378.1452    	2806.81812    
696.0000      	14367.8161    	2622.36353    
696.5000      	14357.5018    	2971.36353    
697.0000      	14347.2023    	2834.45459    
697.5000      	14336.9176    	2879.18188    
698.0000      	14326.6476    	3050.27271    
698.5000      	14316.3923    	2957.00000    
699.0000      	14306.1516    	2948.72729    
699.5000      	14295.9257    	2894.54541    
700.0000      	14285.7143    	2830.45459    
700.5000      	14275.5175    	2985.27271    
701.0000      	14265.3352    	3291.81812    
701.5000      	14255.1675    	2762.45459    
702.0000      	14245.0142    	2870.36353    
702.5000      	14234.8754    	2764.81812    
703.0000      	14224.7511    	2708.54541    
703.5000      	14214.6411    	2659.72729    
704.0000      	14204.5455    	2427.72729    
704.5000      	14194.4642    	2892.09082    
705.0000      	14184.3972    	2919.72729    
705.5000      	14174.3444    	2793.54541    
706.0000      	14164.3059    	3066.81812    
706.5000      	14154.2817    	3051.18188    
707.0000      	14144.2716    	2928.81812    
707.5000      	14134.2756    	2744.81812    
708.0000      	14124.2938    	2698.90918    
708.5000      	14114.3260    	2701.27271    
709.0000      	14104.3724    	2944.54541    
709.5000      	14094.4327    	3257.90918    
710.0000      	14084.5070    	2775.81812    
710.5000      	14074.5954    	2824.54541    
711.0000      	14064.6976    	2989.54541    
711.5000      	14054.8138    	2993.36353    
712.0000      	14044.9438    	2890.54541    
712.5000      	14035.0877    	2900.45459    
713.0000      	14025.2454    	2753.90918    
713.5000      	14015.4170    	3217.81812    
714.0000      	14005.6022    	2975.27271    
714.5000      	13995.8013    	3187.27271    
715.0000      	13986.0140    	2602.45459    
715.5000      	13976.2404    	2773.45459    
716.0000      	13966.4804    	2942.63647    
716.5000      	13956.7341    	2860.81812    
717.0000      	13947.0014    	2849.72729    
717.5000      	13937.2822    	2746.81812    
718.0000      	13927.5766    	2856.00000    
718.5000      	13917.8845    	2849.81812    
719.0000      	13908.2058    	2737.63647    
719.5000      	13898.5407    	2845.81812    
720.0000      	13888.8889    	3068.81812    
720.5000      	13879.2505    	2849.45459    
721.0000      	13869.6255    	2758.81812    
721.5000      	13860.0139    	2732.27271    
722.0000      	13850.4155    	2764.18188    
722.5000      	13840.8304    	2364.27271    
723.0000      	13831.2586    	2650.54541    
723.5000      	13821.7001    	2591.54541    
724.0000      	13812.1547    	2489.09082    
724.5000      	13802.6225    	2520.00000    
725.0000      	13793.1034    	2774.54541    
725.5000      	13783.5975    	2750.54541    
726.0000      	13774.1047    	2592.00000    
726.5000      	13764.6249    	2811.36353    
727.0000      	13755.1582    	2617.72729    
727.5000      	13745.7045    	2662.27271    
728.0000      	13736.2637    	2792.54541    
728.5000      	13726.8360    	2777.72729    
729.0000      	13717.4211    	2878.45459    
729.5000      	13708.0192    	2806.27271    
730.0000      	13698.6301    	2850.90918    
730.5000      	13689.2539    	2801.45459    
731.0000      	13679.8906    	2919.63647    
731.5000      	13670.5400    	2791.45459    
732.0000      	13661.2022    	2696.00000    
732.5000      	13651.8771    	2960.27271    
733.0000      	13642.5648    	2740.18188    
733.5000      	13633.2652    	2953.00000    
734.0000      	13623.9782    	2922.18188    
734.5000      	13614.7039    	2666.72729    
735.0000      	13605.4422    	2908.18188    
735.5000      	13596.1931    	2699.90918    
736.0000      	13586.9565    	2793.81812    
736.5000      	13577.7325    	3000.36353    
737.0000      	13568.5210    	2856.54541    
737.5000      	13559.3220    	2668.27271    
738.0000      	13550.1355    	2702.36353    
738.5000      	13540.9614    	2600.81812    
739.0000      	13531.7997    	2474.18188    
739.5000      	13522.6504    	2587.00000    
740.0000      	13513.5135    	2622.18188    
740.5000      	13504.3889    	2388.27271    
741.0000      	13495.2767    	2691.18188    
741.5000      	13486.1767    	3039.81812    
742.0000      	13477.0889    	3194.45459    
742.5000      	13468.0135    	2544.18188    
743.0000      	13458.9502    	2639.90918    
743.5000      	13449.8991    	2766.63647    
744.0000      	13440.8602    	2690.72729    
744.5000      	13431.8334    	2851.72729    
745.0000      	13422.8188    	2693.54541    
745.5000      	13413.8162    	2458.00000    
746.0000      	13404.8257    	2501.81812    
746.5000      	13395.8473    	2746.09082    
747.0000      	13386.8809    	2524.36353    
747.5000      	13377.9264    	2771.72729    
748.0000      	13368.9840    	2575.72729    
748.5000      	13360.0534    	2677.00000    
749.0000      	13351.1348    	2590.72729    
749.5000      	13342.2282    	2523.18188    
750.0000      	13333.3333    	2577.72729    
750.5000      	13324.4504    	2693.00000    
751.0000      	13315.5792    	2809.27271    
751.5000      	13306.7199    	2920.81812    
752.0000      	13297.8723    	3045.90918    
752.5000      	13289.0365    	3107.45459    
753.0000      	13280.2125    	3222.54541    
753.5000      	13271.4001    	2875.36353    
754.0000      	13262.5995    	2692.81812    
754.5000      	13253.8105    	2934.18188    
755.0000      	13245.0331    	2769.45459    
755.5000      	13236.2674    	2681.00000    
756.0000      	13227.5132    	2747.36353    
756.5000      	13218.7707    	2879.27271    
757.0000      	13210.0396    	2725.09082    
757.5000      	13201.3201    	2655.18188    
758.0000      	13192.6121    	2799.90918    
758.5000      	13183.9156    	2855.90918    
759.0000      	13175.2306    	3076.90918    
759.5000      	13166.5569    	2596.54541    
760.0000      	13157.8947    	2758.63647    
760.5000      	13149.2439    	3085.09082    
761.0000      	13140.6045    	2556.00000    
761.5000      	13131.9764    	2982.27271    
762.0000      	13123.3596    	2749.45459    
762.5000      	13114.7541    	2657.36353    
763.0000      	13106.1599    	2688.63647    
763.5000      	13097.5769    	2798.36353    
764.0000      	13089.0052    	2735.27271    
764.5000      	13080.4447    	2447.90918    
765.0000      	13071.8954    	2534.81812    
765.5000      	13063.3573    	2733.54541    
766.0000      	13054.8303    	2819.90918    
766.5000      	13046.3144    	2898.45459    
767.0000      	13037.8096    	2718.81812    
767.5000      	13029.3160    	2425.00000    
768.0000      	13020.8333    	2778.63647    
768.5000      	13012.3617    	2955.36353    
769.0000      	13003.9012    	2874.00000    
769.5000      	12995.4516    	2881.90918    
770.0000      	12987.0130    	2842.45459    
770.5000      	12978.5853    	2727.09082    
771.0000      	12970.1686    	2931.27271    
771.5000      	12961.7628    	3210.81812    
772.0000      	12953.3679    	2711.45459    
772.5000      	12944.9838    	2689.27271    
773.0000      	12936.6106    	2766.18188    
773.5000      	12928.2482    	2831.27271    
774.0000      	12919.8966    	2798.27271    
774.5000      	12911.5558    	2675.27271    
775.0000      	12903.2258    	2769.54541    
775.5000      	12894.9065    	2792.18188    
776.0000      	12886.5979    	2728.72729    
776.5000      	12878.3001    	2668.81812    
777.0000      	12870.0129    	2697.72729    
777.5000      	12861.7363    	2507.90918    
778.0000      	12853.4704    	2663.36353    
778.5000      	12845.2152    	3055.09082    
779.0000      	12836.9705    	2892.27271    
779.5000      	12828.7364    	2929.36353    
780.0000      	12820.5128    	2556.00000    
780.5000      	12812.2998    	2502.09082    
781.0000      	12804.0973    	2605.90918    
781.5000      	12795.9053    	2816.90918    
782.0000      	12787.7238    	2762.36353    
782.5000      	12779.5527    	2564.00000    
783.0000      	12771.3921    	2483.45459    
783.5000      	12763.2419    	2590.36353    
784.0000      	12755.1020    	2481.54541    
784.5000      	12746.9726    	2967.36353    
785.0000      	12738.8535    	2669.27271    
785.5000      	12730.7447    	2644.27271    
786.0000      	12722.6463    	2569.27271    
786.5000      	12714.5582    	2571.72729    
787.0000      	12706.4803    	2927.27271    
787.5000      	12698.4127    	2709.36353    
788.0000      	12690.3553    	3049.54541    
788.5000      	12682.3082    	2732.09082    
789.0000      	12674.2712    	2818.18188    
789.5000      	12666.2445    	2691.81812    
790.0000      	12658.2278    	2626.09082    
790.5000      	12650.2214    	2659.27271    
791.0000      	12642.2250    	2549.54541    
791.5000      	12634.2388    	2640.09082    
792.0000      	12626.2626    	2789.72729    
792.5000      	12618.2965    	2729.18188    
793.0000      	12610.3405    	2592.18188    
793.5000      	12602.3945    	2506.81812    
794.0000      	12594.4584    	2828.54541    
794.5000      	12586.5324    	2820.36353    
795.0000      	12578.6164    	2848.45459    
795.5000      	12570.7102    	2767.72729    
796.0000      	12562.8141    	2542.72729    
796.5000      	12554.9278    	2522.63647    
797.0000      	12547.0514    	2792.54541    
797.5000      	12539.1850    	2659.81812    
798.0000      	12531.3283    	2664.09082    
798.5000      	12523.4815    	2505.45459    
799.0000      	12515.6446    	2452.90918    
799.5000      	12507.8174    	2778.36353    
800.0000      	12500.0000    	2930.45459    
